% Model:              Box_wing_Wings_center_009.mph
% Version:            COMSOL 6.2.0.415
% Date:               Oct 15 2024, 10:31
% Dimension:          3
% Nodes:              780
% Elements:           1552
% Expressions:        1
% Description:        Impostazioni materiale
% Length unit:        m
% Coordinates
-0.5                      -6.705                   0.05
-0.5                      -5.939999999999999       0.05
-0.5                      -6.704999999999999       -3.2526065174565133E-18
-0.49999999999999994      -5.939999999999998       0
-0.5                      -6.705                   -0.05
-0.5                      -5.551999999999999       0.05
-0.5                      -5.939999999999999       -0.05
-0.49999999999999994      -5.551999999999997       0
-0.5                      -5.163999999999999       0.05
-0.5                      -5.551999999999999       -0.05
-0.49999999999999994      -5.163999999999999       0
-0.5                      -4.776                   0.05
-0.5                      -5.163999999999999       -0.05
-0.49999999999999994      -4.775999999999998       0
-0.5                      -4.387999999999999       0.05
-0.4999999999999999       -4.775999999999998       -0.049999999999999996
-0.49999999999999994      -4.387999999999999       0
-0.5                      -3.9999999999999996      0.05
-0.5                      -4.387999999999999       -0.05
-0.49999999999999994      -3.9999999999999973      0
-0.49999999999999994      -3.6119999999999988      0.049999999999999996
-0.4999999999999999       -3.9999999999999982      -0.049999999999999996
-0.49999999999999994      -3.6119999999999988      0
-0.5                      -3.2239999999999998      0.05
-0.49999999999999994      -3.2239999999999993      0
-0.5                      -2.8359999999999994      0.049999999999999996
-0.5                      -3.611999999999999       -0.05
-0.49999999999999994      -2.8359999999999994      0
-0.5                      -2.448                   0.05
-0.5                      -3.2239999999999993      -0.05
-0.49999999999999994      -2.448                   -7.444045380111674E-18
-0.5                      -2.06                    0.05
-0.5                      -2.836                   -0.05
-0.49999999999999994      -2.06                    0
-0.5                      -1.907                   0.05
-0.5                      -2.448                   -0.05
-0.49999999999999994      -1.9069999999999998      0
-0.5                      -1.7540000000000002      0.05
-0.5                      -2.06                    -0.05
-0.49999999999999994      -1.7540000000000007      0
-0.5                      -1.601                   0.05
-0.5                      -1.9070000000000003      -0.05
-0.49999999999999994      -1.6010000000000004      0
-0.5                      -1.448                   0.05
-0.5                      -1.7540000000000002      -0.05
-0.49999999999999994      -1.4480000000000013      0
-0.5                      -1.295                   0.05
-0.5                      -1.601                   -0.05
-0.5                      -1.295                   -3.2526065174565133E-18
-0.5                      -1.4479999999999997      -0.05
-0.5                      -1.295                   -0.05
0.5                       -6.704999999999999       -3.2526065174565133E-18
0.5                       -6.705                   0.05
0.3888888888888889        -6.705                   0
0.3888888888888889        -6.705000000000002       0.05000000000000001
0.5                       -6.705                   -0.05
0.3888888888888889        -6.705000000000002       -0.05000000000000001
0.2777777777777776        -6.705                   0
0.2777777777777776        -6.705                   0.05
0.27777777777777757       -6.705                   -0.05
0.16666666666666652       -6.705                   0
0.16666666666666655       -6.704999999999999       0.05
0.1666666666666665        -6.705                   -0.05000000000000001
0.05555555555555539       -6.705                   0
0.055555555555555525      -6.705                   0.05
0.055555555555555414      -6.705                   -0.05
-0.05555555555555562      -6.705                   0
-0.05555555555555562      -6.705000000000001       0.05000000000000002
-0.05555555555555562      -6.705000000000001       -0.05000000000000002
-0.1666666666666668       -6.705                   0
-0.1666666666666667       -6.705000000000001       0.05
-0.1666666666666668       -6.705                   -0.049999999999999996
-0.27777777777777785      -6.705                   0
-0.2777777777777779       -6.705000000000001       0.05000000000000001
-0.2777777777777779       -6.705000000000001       -0.05000000000000001
-0.3888888888888889       -6.705                   0
-0.3888888888888889       -6.704999999999999       0.05
-0.3888888888888889       -6.704999999999999       -0.05
0.3888888888888889        -1.2950000000000002      0.05
0.5                       -1.295                   0.05
0.3888888888888889        -1.295                   0
0.5                       -1.295                   -3.2526065174565133E-18
0.3888888888888889        -1.2950000000000002      -0.05
0.5                       -1.295                   -0.05
0.2777777777777779        -1.295                   0.05000000000000001
0.27777777777777785       -1.295                   0
0.2777777777777779        -1.295                   -0.05000000000000001
0.1666666666666667        -1.295                   0.05
0.1666666666666668        -1.295                   0
0.1666666666666668        -1.295                   -0.049999999999999996
0.05555555555555562       -1.2950000000000002      0.05000000000000002
0.05555555555555562       -1.295                   0
0.05555555555555562       -1.2950000000000002      -0.05000000000000002
-0.055555555555555525     -1.295                   0.05
-0.05555555555555539      -1.295                   0
-0.055555555555555414     -1.295                   -0.05
-0.16666666666666655      -1.295                   0.05
-0.16666666666666652      -1.295                   0
-0.1666666666666665       -1.2950000000000002      -0.05000000000000001
-0.2777777777777776       -1.295                   0.05
-0.2777777777777776       -1.295                   0
-0.27777777777777757      -1.295                   -0.05
-0.3888888888888889       -1.2950000000000004      0.05000000000000001
-0.3888888888888889       -1.295                   0
-0.3888888888888889       -1.2950000000000004      -0.05000000000000001
-0.5                      6.705                    -0.05
-0.5                      5.939999999999999        -0.05
-0.5                      6.704999999999999        -3.2526065174565133E-18
-0.49999999999999994      5.939999999999998        0
-0.5                      6.705                    0.05
-0.5                      5.939999999999999        0.05
-0.5                      5.551999999999998        -0.05
-0.49999999999999994      5.551999999999998        0
-0.5                      5.552                    0.05
-0.5                      5.164                    -0.05000000000000001
-0.49999999999999994      5.163999999999998        0
-0.49999999999999994      5.163999999999999        0.05
-0.5                      4.775999999999999        -0.05
-0.49999999999999994      4.775999999999997        0
-0.5                      4.775999999999999        0.05
-0.5                      4.388                    -0.05000000000000001
-0.49999999999999994      4.387999999999999        0
-0.5                      4.388                    0.05
-0.5                      3.9999999999999996       -0.05
-0.49999999999999994      3.999999999999999        0
-0.5                      3.9999999999999996       0.05
-0.5                      3.612                    -0.05
-0.49999999999999994      3.612                    0
-0.5                      3.612                    0.05
-0.4999999999999999       3.2239999999999998       -0.049999999999999996
-0.49999999999999994      3.2239999999999993       0
-0.5                      3.224                    0.05
-0.5                      2.836                    -0.05
-0.49999999999999994      2.8359999999999994       0
-0.5                      2.8360000000000003       0.05
-0.5                      2.4480000000000004       -0.05
-0.49999999999999994      2.448000000000001        0
-0.5                      2.4480000000000004       0.05
-0.5                      2.06                     -0.05
-0.49999999999999994      2.06                     -1.488809076022335E-17
-0.5                      2.060000000000001        0.05
-0.5                      1.9070000000000005       -0.05
-0.49999999999999994      1.907000000000001        0
-0.5                      1.9070000000000011       0.05
-0.5                      1.754                    -0.05
-0.49999999999999994      1.754                    -1.488809076022335E-17
-0.5                      1.7540000000000007       0.05000000000000001
-0.5                      1.6010000000000004       -0.05
-0.49999999999999994      1.6010000000000004       0
-0.5                      1.6010000000000004       0.05
-0.5                      1.448                    -0.05
-0.49999999999999994      1.4480000000000002       0
-0.5                      1.4480000000000006       0.05
-0.5                      1.295                    -0.05
-0.5                      1.295                    -3.2526065174565133E-18
-0.5                      1.295                    0.05
-0.3888888888888889       1.2950000000000002       -0.05
-0.3888888888888889       1.295                    0
-0.3888888888888889       1.2950000000000002       0.05
-0.2777777777777779       1.295                    -0.05000000000000001
-0.27777777777777785      1.295                    0
-0.2777777777777779       1.295                    0.05000000000000001
-0.1666666666666668       1.295                    -0.049999999999999996
-0.1666666666666668       1.295                    0
-0.1666666666666667       1.295                    0.05
-0.05555555555555562      1.2950000000000002       -0.05000000000000002
-0.05555555555555562      1.295                    0
-0.05555555555555562      1.2950000000000002       0.05000000000000002
0.055555555555555414      1.295                    -0.05
0.05555555555555539       1.295                    0
0.055555555555555525      1.295                    0.05
0.1666666666666665        1.2950000000000002       -0.05000000000000001
0.16666666666666652       1.295                    0
0.16666666666666655       1.295                    0.05
0.27777777777777757       1.295                    -0.05
0.2777777777777776        1.295                    0
0.2777777777777776        1.295                    0.05
0.3888888888888889        1.2950000000000004       -0.05000000000000001
0.3888888888888889        1.295                    0
0.5                       1.295                    -0.05
0.5                       1.295                    -3.2526065174565133E-18
0.3888888888888889        1.2950000000000004       0.05000000000000001
0.5                       1.295                    0.05
-0.3888888888888889       6.705                    0
-0.3888888888888889       6.705000000000002        -0.05000000000000001
-0.3888888888888889       6.705000000000002        0.05000000000000001
-0.2777777777777776       6.705                    0
-0.27777777777777757      6.705                    -0.05
-0.2777777777777776       6.705                    0.05
-0.16666666666666652      6.705                    0
-0.1666666666666665       6.705                    -0.05000000000000001
-0.16666666666666655      6.704999999999999        0.05
-0.05555555555555539      6.705                    0
-0.055555555555555414     6.705                    -0.05
-0.055555555555555525     6.705                    0.05
0.05555555555555562       6.705                    0
0.05555555555555562       6.705000000000001        -0.05000000000000002
0.05555555555555562       6.705000000000001        0.05000000000000002
0.1666666666666668        6.705                    0
0.1666666666666668        6.705                    -0.049999999999999996
0.1666666666666667        6.705000000000001        0.05
0.27777777777777785       6.705                    0
0.2777777777777779        6.705000000000001        -0.05000000000000001
0.2777777777777779        6.705000000000001        0.05000000000000001
0.3888888888888889        6.705                    0
0.3888888888888889        6.704999999999999        -0.05
0.5                       6.704999999999999        -3.2526065174565133E-18
0.5                       6.705                    -0.05
0.3888888888888889        6.704999999999999        0.05
0.5                       6.705                    0.05
0.5                       -5.939999999999999       0.05
0.49999999999999994       -5.939999999999998       0
0.5                       -5.939999999999999       -0.05
0.5                       -5.551999999999998       0.05
0.49999999999999994       -5.551999999999997       0
0.5                       -5.551999999999998       -0.05
0.5                       -5.164                   0.05
0.49999999999999994       -5.164                   0
0.49999999999999994       -5.163999999999999       -0.05
0.5                       -4.776                   0.05
0.49999999999999994       -4.775999999999999       0
0.5                       -4.775999999999999       -0.05
0.49999999999999994       -4.387999999999999       0.05
0.49999999999999994       -4.387999999999999       0
0.5                       -4.388                   -0.05
0.5                       -3.9999999999999996      0.05
0.49999999999999994       -3.999999999999999       0
0.5                       -3.9999999999999996      -0.05
0.5                       -3.6119999999999997      0.05
0.49999999999999994       -3.612                   0
0.5                       -3.612                   -0.05
0.5                       -3.2239999999999998      0.05
0.49999999999999994       -3.2239999999999993      0
0.5                       -3.224                   -0.05
0.5                       -2.836                   0.05
0.49999999999999994       -2.836                   0
0.5                       -2.8360000000000003      -0.05
0.5                       -2.448                   0.05
0.49999999999999994       -2.4480000000000004      0
0.5                       -2.4480000000000004      -0.05
0.5                       -2.06                    0.05
0.49999999999999994       -2.0600000000000005      0
0.5                       -2.060000000000001       -0.05
0.5                       -1.907                   0.05
0.49999999999999994       -1.907                   -1.488809076022335E-17
0.5                       -1.9070000000000007      -0.05
0.5                       -1.754                   0.05
0.49999999999999994       -1.7540000000000007      1.488809076022335E-17
0.5                       -1.754000000000001       -0.05
0.5                       -1.6010000000000002      0.05
0.49999999999999994       -1.6010000000000002      0
0.5                       -1.6010000000000004      -0.05
0.5                       -1.4480000000000002      0.05
0.49999999999999994       -1.4480000000000004      0
0.5                       -1.448000000000001       -0.05
0.5                       5.939999999999999        -0.05
0.49999999999999994       5.939999999999998        0
0.5                       5.551999999999999        -0.05
0.49999999999999994       5.551999999999997        0
0.5                       5.163999999999999        -0.05
0.5                       5.939999999999999        0.05
0.49999999999999994       5.163999999999999        0
0.4999999999999999        4.775999999999998        -0.049999999999999996
0.5                       5.551999999999999        0.05
0.49999999999999994       4.775999999999998        0
0.5                       4.387999999999999        -0.05
0.5                       5.163999999999999        0.05
0.49999999999999994       4.387999999999999        0
0.4999999999999999        3.9999999999999982       -0.049999999999999996
0.4999999999999999        4.775999999999998        0.049999999999999996
0.49999999999999994       3.9999999999999973       0
0.5                       3.611999999999999        -0.05
0.5                       4.387999999999999        0.05
0.49999999999999994       3.611999999999999        0
0.5                       3.2239999999999993       -0.05
0.5                       3.9999999999999996       0.05
0.49999999999999994       3.2239999999999993       1.488809076022335E-17
0.5                       2.836                    -0.05
0.5                       3.611999999999999        0.05
0.49999999999999994       2.8359999999999994       0
0.5                       2.448                    -0.05
0.5                       3.2239999999999993       0.05
0.49999999999999994       2.448                    0
0.5                       2.06                     -0.05
0.5                       2.8359999999999994       0.049999999999999996
0.49999999999999994       2.06                     0
0.5                       1.9070000000000003       -0.05
0.5                       2.448                    0.05
0.49999999999999994       1.9069999999999998       0
0.5                       1.7540000000000002       -0.05
0.5                       2.06                     0.05
0.49999999999999994       1.7540000000000007       0
0.5                       1.601                    -0.05
0.5                       1.9070000000000003       0.05
0.49999999999999994       1.6010000000000004       0
0.5                       1.4479999999999997       -0.05
0.5                       1.7540000000000002       0.05
0.49999999999999994       1.4479999999999993       0
0.5                       1.601                    0.05
0.5                       1.4479999999999997       0.05
0.3888888888888889        -5.939999999999998       -0.049999999999999996
0.2777777777777778        -5.939999999999999       -0.05
0.1666666666666667        -5.9399999999999995      -0.05000000000000002
0.05555555555555558       -5.9399999999999995      -0.05
-0.05555555555555561      -5.939999999999999       -0.05000000000000002
-0.16666666666666669      -5.939999999999998       -0.05
-0.2777777777777779       -5.94                    -0.05000000000000001
-0.388888888888889        -5.939999999999998       -0.05
0.3888888888888889        -5.939999999999998       0.05
0.2777777777777779        -5.94                    0.05000000000000001
0.1666666666666667        -5.939999999999999       0.05
0.05555555555555561       -5.939999999999999       0.05000000000000002
-0.05555555555555558      -5.9399999999999995      0.05
-0.1666666666666666       -5.939999999999998       0.05
-0.2777777777777776       -5.939999999999999       0.05
-0.3888888888888889       -5.94                    0.05000000000000001
0.388888888888889         -2.0600000000000005      -0.05
0.3888888888888889        -1.9069999999999998      -0.05
0.2777777777777779        -2.0600000000000005      -0.05000000000000001
0.3888888888888889        -1.7540000000000007      -0.05
0.16666666666666669       -2.0600000000000005      -0.05
0.27777777777777773       -1.9069999999999998      -0.05
0.3888888888888889        -1.6010000000000004      -0.05
0.27777777777777773       -1.7540000000000007      -0.05
0.05555555555555561       -2.060000000000001       -0.05000000000000002
0.16666666666666663       -1.9069999999999998      -0.05
0.3888888888888889        -1.4480000000000002      -0.05
0.27777777777777785       -1.6010000000000004      -0.05
-0.05555555555555558      -2.0600000000000005      -0.05
0.05555555555555562       -1.9069999999999998      -0.05
0.16666666666666663       -1.7540000000000007      -0.05
0.27777777777777785       -1.4480000000000002      -0.05
-0.1666666666666667       -2.0600000000000005      -0.05000000000000002
-0.05555555555555562      -1.9069999999999998      -0.05
0.16666666666666674       -1.6010000000000004      -0.05
0.05555555555555562       -1.7540000000000007      -0.05
-0.2777777777777778       -2.0600000000000005      -0.05
-0.16666666666666685      -1.9069999999999998      -0.05
0.16666666666666674       -1.4480000000000002      -0.05
-0.05555555555555562      -1.7540000000000007      -0.05
0.05555555555555574       -1.6010000000000004      -0.05
-0.3888888888888889       -2.06                    -0.049999999999999996
-0.27777777777777773      -1.9069999999999998      -0.05
-0.16666666666666652      -1.7540000000000007      -0.05
0.05555555555555562       -1.4480000000000002      -0.05
-0.055555555555555504     -1.6010000000000004      -0.05
-0.388888888888889        -1.9069999999999998      -0.05
-0.27777777777777773      -1.7540000000000007      -0.05
-0.16666666666666652      -1.6010000000000004      -0.05
-0.055555555555555386     -1.4479999999999993      -0.05
-0.38888888888888923      -1.7540000000000007      -0.05
-0.27777777777777773      -1.6010000000000004      -0.05
-0.16666666666666652      -1.4479999999999993      -0.05
-0.388888888888889        -1.6010000000000004      -0.05
-0.2777777777777775       -1.4480000000000002      -0.05
-0.3888888888888889       -1.4480000000000002      -0.05
0.3888888888888889        -2.0600000000000005      0.05000000000000001
0.3888888888888889        -1.907                   0.05
0.2777777777777776        -2.06                    0.05
0.3888888888888889        -1.7540000000000002      0.05
0.27777777777777773       -1.907                   0.05
0.1666666666666666        -2.06                    0.05
0.3888888888888889        -1.6010000000000004      0.05
0.27777777777777773       -1.754                   0.05
0.16666666666666663       -1.907                   0.05
0.05555555555555558       -2.06                    0.05
0.3888888888888889        -1.448                   0.05
0.27777777777777785       -1.6010000000000002      0.05
0.16666666666666663       -1.7540000000000002      0.05
0.05555555555555562       -1.907                   0.05
-0.05555555555555561      -2.0600000000000005      0.05000000000000002
0.27777777777777785       -1.448                   0.05
0.16666666666666674       -1.6010000000000002      0.05
-0.05555555555555562      -1.907                   0.05
-0.1666666666666667       -2.06                    0.05
0.05555555555555562       -1.7540000000000002      0.05
-0.16666666666666685      -1.907                   0.05
-0.2777777777777779       -2.0600000000000005      0.05000000000000001
0.16666666666666674       -1.448                   0.05
0.055555555555555684      -1.6010000000000004      0.05
-0.05555555555555562      -1.754                   0.05
-0.27777777777777773      -1.907                   0.05
-0.3888888888888889       -2.06                    0.05
-0.388888888888889        -1.907                   0.05
-0.16666666666666652      -1.754                   0.05
0.055555555555555566      -1.448                   0.05
-0.055555555555555504     -1.6010000000000002      0.05
-0.27777777777777773      -1.754                   0.05
-0.38888888888888923      -1.7540000000000002      0.05
-0.16666666666666652      -1.6010000000000002      0.05
-0.05555555555555539      -1.4479999999999997      0.05
-0.27777777777777773      -1.6010000000000002      0.05
-0.388888888888889        -1.6010000000000004      0.05
-0.16666666666666652      -1.4479999999999997      0.05
-0.2777777777777775       -1.448                   0.05
-0.3888888888888889       -1.4480000000000002      0.05
-0.388888888888889        2.0600000000000005       -0.05
-0.3888888888888889       1.9070000000000014       -0.05
-0.2777777777777779       2.0600000000000005       -0.05000000000000001
-0.3888888888888889       1.7540000000000016       -0.05
-0.2777777777777775       1.9070000000000014       -0.05
-0.16666666666666669      2.06                     -0.05
-0.3888888888888887       1.6010000000000009       -0.05
-0.16666666666666674      1.9070000000000014       -0.05
-0.05555555555555561      2.0600000000000005       -0.05000000000000002
-0.27777777777777773      1.7540000000000016       -0.05
-0.05555555555555562      1.9070000000000016       -0.05
0.05555555555555558       2.06                     -0.05
-0.38888888888888873      1.4480000000000008       -0.05
-0.27777777777777773      1.6010000000000009       -0.05
-0.16666666666666685      1.7540000000000016       -0.05
0.055555555555555504      1.9070000000000022       -0.05
0.1666666666666667        2.06                     -0.05000000000000002
-0.05555555555555562      1.7540000000000013       -0.05
-0.2777777777777777       1.448000000000002        -0.05
-0.16666666666666674      1.6010000000000018       -0.05
0.16666666666666674       1.9070000000000005       -0.05
0.2777777777777778        2.06                     -0.05
0.05555555555555574       1.7540000000000013       -0.05
-0.05555555555555574      1.6010000000000013       -0.05
-0.16666666666666674      1.448                    -0.05
0.27777777777777773       1.9070000000000003       -0.05
0.3888888888888889        2.0599999999999996       -0.049999999999999996
0.3888888888888889        1.9070000000000003       -0.05
0.16666666666666674       1.7540000000000013       -0.05
0.05555555555555562       1.6010000000000009       -0.05
-0.05555555555555586      1.4479999999999997       -0.05
0.27777777777777785       1.7539999999999996       -0.05
0.3888888888888889        1.7540000000000016       -0.05
0.16666666666666663       1.6010000000000013       -0.05
0.055555555555555504      1.4480000000000008       -0.05
0.2777777777777776        1.6009999999999989       -0.05
0.3888888888888889        1.601000000000001        -0.05
0.16666666666666674       1.448                    -0.05
0.2777777777777776        1.448000000000002        -0.05
0.3888888888888889        1.448                    -0.05
-0.3888888888888889       2.060000000000001        0.05000000000000001
-0.3888888888888889       1.907000000000001        0.05
-0.2777777777777776       2.0600000000000005       0.05
-0.2777777777777775       1.907000000000001        0.05
-0.1666666666666666       2.0600000000000005       0.05
-0.3888888888888889       1.7540000000000007       0.05
-0.16666666666666674      1.907000000000001        0.05
-0.05555555555555558      2.0600000000000005       0.05
-0.38888888888888873      1.6010000000000004       0.05
-0.27777777777777773      1.7540000000000007       0.05
-0.05555555555555562      1.907000000000001        0.05
0.05555555555555561       2.060000000000001        0.05000000000000002
-0.38888888888888873      1.4480000000000002       0.05
-0.16666666666666685      1.7540000000000007       0.05
-0.27777777777777773      1.6010000000000004       0.05
0.055555555555555504      1.9070000000000016       0.05
0.1666666666666667        2.0600000000000005       0.05
-0.05555555555555562      1.7540000000000007       0.05
-0.2777777777777776       1.4480000000000013       0.05
-0.16666666666666674      1.6010000000000013       0.05
0.16666666666666674       1.9069999999999998       0.05
0.2777777777777779        2.0600000000000005       0.05000000000000001
0.055555555555555684      1.7540000000000007       0.05
-0.05555555555555574      1.6010000000000004       0.05
-0.16666666666666674      1.4479999999999993       0.05
0.2777777777777778        1.9069999999999998       0.05
0.3888888888888889        2.0600000000000005       0.05
0.16666666666666674       1.7540000000000007       0.05
0.05555555555555562       1.6010000000000004       0.05
-0.05555555555555586      1.4479999999999993       0.05
0.3888888888888889        1.9069999999999998       0.05
0.27777777777777785       1.753999999999999        0.05
0.16666666666666663       1.6010000000000004       0.05
0.055555555555555504      1.4480000000000002       0.05
0.3888888888888889        1.7540000000000007       0.05
0.2777777777777777        1.6009999999999984       0.05
0.16666666666666669       1.4479999999999993       0.05
0.3888888888888889        1.6010000000000004       0.05
0.2777777777777777        1.4480000000000013       0.05
0.3888888888888889        1.4479999999999993       0.05
-0.3888888888888889       5.939999999999998        -0.049999999999999996
-0.2777777777777778       5.939999999999999        -0.05
-0.1666666666666667       5.9399999999999995       -0.05000000000000002
-0.05555555555555558      5.9399999999999995       -0.05
0.05555555555555561       5.939999999999999        -0.05000000000000002
0.16666666666666669       5.939999999999998        -0.05
0.2777777777777779        5.94                     -0.05000000000000001
0.388888888888889         5.939999999999998        -0.05
-0.3888888888888889       5.939999999999998        0.05
-0.2777777777777779       5.94                     0.05000000000000001
-0.1666666666666667       5.939999999999999        0.05
-0.05555555555555561      5.939999999999999        0.05000000000000002
0.05555555555555558       5.9399999999999995       0.05
0.1666666666666666        5.939999999999998        0.05
0.2777777777777776        5.939999999999999        0.05
0.3888888888888889        5.94                     0.05000000000000001
0.3888888888888889        -5.551999999999997       -0.05
0.27777777777777785       -5.551999999999998       -0.05
0.3888888888888889        -5.1640000000000015      -0.05
0.16666666666666674       -5.551999999999998       -0.05
0.27777777777777785       -5.1640000000000015      -0.05
0.3888888888888889        -4.776                   -0.05
0.05555555555555574       -5.551999999999998       -0.05
0.16666666666666674       -5.1640000000000015      -0.05
0.27777777777777785       -4.776000000000002       -0.05
0.3888888888888889        -4.387999999999998       -0.05
-0.05555555555555574      -5.552                   -0.05
0.05555555555555562       -5.1640000000000015      -0.05
0.16666666666666674       -4.776000000000002       -0.05
0.27777777777777773       -4.387999999999999       -0.05
0.3888888888888889        -4                       -0.05
-0.16666666666666663      -5.551999999999997       -0.05
-0.05555555555555562      -5.164000000000001       -0.05
0.05555555555555574       -4.776000000000001       -0.05
0.16666666666666674       -4.388                   -0.05
0.27777777777777773       -4                       -0.05
0.3888888888888889        -3.612                   -0.05
-0.27777777777777757      -5.552000000000001       -0.05
-0.16666666666666663      -5.164000000000001       -0.05
-0.05555555555555586      -4.776000000000001       -0.05
0.05555555555555562       -4.388                   -0.05
0.16666666666666663       -4                       -0.05
0.27777777777777773       -3.612                   -0.05
0.388888888888889         -3.224                   -0.05
-0.3888888888888889       -5.552000000000001       -0.05
-0.27777777777777773      -5.164000000000001       -0.05
-0.16666666666666674      -4.776                   -0.05
-0.05555555555555574      -4.388                   -0.05
0.05555555555555562       -4                       -0.05
0.16666666666666663       -3.6120000000000005      -0.05
0.27777777777777773       -3.224                   -0.05
0.3888888888888889        -2.8360000000000003      -0.05
-0.3888888888888889       -5.164                   -0.05
-0.27777777777777773      -4.776000000000002       -0.05
-0.16666666666666663      -4.387999999999999       -0.05
-0.05555555555555562      -4                       -0.05
0.055555555555555504      -3.612000000000001       -0.05
0.16666666666666663       -3.224                   -0.05
0.2777777777777776        -2.836                   -0.05
0.3888888888888889        -2.4480000000000013      -0.05
-0.3888888888888889       -4.776                   -0.05
-0.2777777777777776       -4.388                   -0.05
-0.16666666666666674      -4                       -0.05
-0.05555555555555574      -3.612                   -0.05
0.05555555555555574       -3.224                   -0.05
0.16666666666666663       -2.835999999999999       -0.05
0.2777777777777776        -2.4480000000000004      -0.05
-0.38888888888888873      -4.388                   -0.05
-0.27777777777777773      -4                       -0.05
-0.16666666666666674      -3.611999999999999       -0.05
-0.05555555555555574      -3.224000000000001       -0.05
0.05555555555555562       -2.8360000000000003      -0.05
0.16666666666666663       -2.4480000000000004      -0.05
-0.3888888888888889       -4                       -0.05
-0.27777777777777773      -3.612                   -0.05
-0.16666666666666674      -3.224                   -0.05
-0.05555555555555562      -2.835999999999999       -0.05
0.055555555555555504      -2.448000000000001       -0.05
-0.388888888888889        -3.6120000000000005      -0.05
-0.27777777777777773      -3.224000000000001       -0.05
-0.16666666666666674      -2.8359999999999994      -0.05
-0.05555555555555574      -2.4480000000000013      -0.05
-0.3888888888888889       -3.224                   -0.05
-0.27777777777777773      -2.835999999999999       -0.05
-0.16666666666666674      -2.448000000000001       -0.05
-0.3888888888888889       -2.8359999999999994      -0.05
-0.2777777777777776       -2.4480000000000013      -0.05
-0.388888888888889        -2.448000000000001       -0.05
0.3888888888888889        -5.551999999999995       0.05
0.27777777777777785       -5.551999999999998       0.05
0.38888888888888895       -5.164000000000001       0.05
0.16666666666666674       -5.551999999999997       0.05
0.27777777777777785       -5.164000000000001       0.05
0.3888888888888889        -4.775999999999999       0.05
0.055555555555555684      -5.551999999999998       0.05
0.16666666666666674       -5.164000000000001       0.05
0.27777777777777785       -4.776000000000001       0.05
0.3888888888888889        -4.387999999999997       0.05
-0.05555555555555574      -5.551999999999998       0.05
0.05555555555555562       -5.164000000000001       0.05
0.16666666666666674       -4.776                   0.05
0.27777777777777773       -4.387999999999998       0.05
0.3888888888888889        -3.999999999999999       0.05
-0.16666666666666663      -5.551999999999997       0.05
-0.05555555555555562      -5.164                   0.05
0.055555555555555684      -4.776                   0.05
0.16666666666666674       -4.388                   0.05
0.27777777777777773       -3.999999999999999       0.05
0.3888888888888889        -3.611999999999999       0.05
-0.2777777777777775       -5.552                   0.05
-0.3888888888888889       -5.552                   0.05
-0.16666666666666663      -5.164                   0.05
-0.05555555555555586      -4.776                   0.05
0.055555555555555566      -4.387999999999999       0.05
0.16666666666666663       -3.999999999999999       0.05
0.27777777777777773       -3.611999999999999       0.05
0.38888888888888895       -3.2239999999999998      0.05
-0.27777777777777773      -5.164                   0.05
-0.3888888888888889       -5.163999999999999       0.05
-0.16666666666666674      -4.775999999999999       0.05
-0.05555555555555574      -4.387999999999999       0.05
0.055555555555555684      -3.9999999999999996      0.05
0.16666666666666663       -3.611999999999999       0.05
0.27777777777777773       -3.2239999999999998      0.05
0.3888888888888889        -2.8360000000000003      0.05
-0.27777777777777773      -4.776000000000001       0.05
-0.3888888888888889       -4.776                   0.05
-0.16666666666666663      -4.387999999999998       0.05
-0.05555555555555562      -3.9999999999999996      0.05
0.055555555555555566      -3.612                   0.05
0.16666666666666663       -3.2239999999999993      0.05
0.2777777777777777        -2.836                   0.05
0.3888888888888889        -2.448000000000001       0.05
-0.2777777777777776       -4.387999999999999       0.05
-0.38888888888888873      -4.387999999999999       0.05
-0.16666666666666674      -3.999999999999999       0.05
-0.05555555555555574      -3.611999999999999       0.05
0.055555555555555684      -3.2239999999999993      0.05
0.16666666666666663       -2.8359999999999994      0.05
0.2777777777777776        -2.4480000000000004      0.05
-0.27777777777777773      -3.999999999999999       0.05
-0.3888888888888889       -3.9999999999999996      0.05
-0.16666666666666674      -3.6119999999999988      0.05
-0.05555555555555574      -3.224                   0.05
0.055555555555555566      -2.836                   0.05
0.16666666666666663       -2.448                   0.05
-0.27777777777777773      -3.611999999999999       0.05
-0.388888888888889        -3.611999999999999       0.05
-0.16666666666666674      -3.2239999999999993      0.05
-0.05555555555555562      -2.8359999999999994      0.05
0.055555555555555504      -2.4480000000000004      0.05
-0.27777777777777773      -3.224                   0.05
-0.3888888888888889       -3.2239999999999993      0.05
-0.16666666666666674      -2.8359999999999994      0.05
-0.05555555555555574      -2.448000000000001       0.05
-0.27777777777777773      -2.8359999999999994      0.05
-0.3888888888888889       -2.8359999999999994      0.05
-0.16666666666666674      -2.448                   0.05
-0.2777777777777776       -2.448000000000001       0.05
-0.388888888888889        -2.448                   0.05
-0.388888888888889        5.552                    -0.05
-0.27777777777777807      5.5520000000000005       -0.05
-0.388888888888889        5.163999999999998        -0.05
-0.16666666666666663      5.552                    -0.05
-0.27777777777777773      5.163999999999999        -0.05
-0.388888888888889        4.775999999999998        -0.05
-0.05555555555555574      5.5520000000000005       -0.05
-0.16666666666666674      5.164                    -0.05
-0.27777777777777773      4.775999999999999        -0.05
-0.3888888888888889       4.388                    -0.05
0.05555555555555562       5.552                    -0.05
-0.05555555555555562      5.163999999999999        -0.05
-0.16666666666666674      4.775999999999998        -0.05
-0.27777777777777773      4.388                    -0.05
-0.3888888888888889       3.999999999999999        -0.05
0.16666666666666663       5.551999999999998        -0.05
0.05555555555555562       5.163999999999999        -0.05
-0.05555555555555586      4.775999999999999        -0.05
-0.16666666666666674      4.388                    -0.05
-0.27777777777777773      4                        -0.05
-0.38888888888888895      3.612000000000001        -0.05
0.27777777777777773       5.5520000000000005       -0.05
0.3888888888888889        5.551999999999998        -0.05
0.16666666666666663       5.163999999999999        -0.05
0.05555555555555562       4.775999999999999        -0.05
-0.05555555555555574      4.388                    -0.05
-0.16666666666666674      4                        -0.05
-0.27777777777777773      3.612                    -0.05
-0.3888888888888887       3.2239999999999998       -0.05
0.27777777777777773       5.163999999999999        -0.05
0.3888888888888889        5.163999999999999        -0.05
0.16666666666666663       4.775999999999997        -0.05
0.05555555555555574       4.388                    -0.05
-0.055555555555555504     4                        -0.05
-0.16666666666666674      3.612                    -0.05
-0.27777777777777773      3.224                    -0.05
-0.38888888888888895      2.8360000000000016       -0.05
0.2777777777777776        4.775999999999998        -0.05
0.3888888888888889        4.775999999999998        -0.05
0.16666666666666663       4.387999999999998        -0.05
0.05555555555555562       4                        -0.05
-0.05555555555555562      3.612                    -0.05
-0.16666666666666674      3.224000000000001        -0.05
-0.2777777777777775       2.8360000000000016       -0.05
-0.388888888888889        2.448000000000001        -0.05
0.27777777777777773       4.387999999999999        -0.05
0.3888888888888889        4.388                    -0.05
0.16666666666666674       4                        -0.05
0.05555555555555574       3.612                    -0.05
-0.05555555555555574      3.2240000000000006       -0.05
-0.16666666666666663      2.8360000000000003       -0.05
-0.2777777777777775       2.4480000000000026       -0.05
0.27777777777777773       4                        -0.05
0.3888888888888889        4                        -0.05
0.16666666666666674       3.611999999999999        -0.05
0.05555555555555574       3.224                    -0.05
-0.05555555555555562      2.8359999999999994       -0.05
-0.16666666666666663      2.448000000000001        -0.05
0.27777777777777785       3.611999999999999        -0.05
0.3888888888888889        3.611999999999999        -0.05
0.16666666666666674       3.2239999999999998       -0.05
0.05555555555555562       2.8360000000000016       -0.05
-0.05555555555555574      2.4480000000000017       -0.05
0.27777777777777785       3.2239999999999993       -0.05
0.388888888888889         3.224                    -0.05
0.16666666666666674       2.835999999999999        -0.05
0.05555555555555562       2.448000000000001        -0.05
0.27777777777777785       2.8360000000000003       -0.05
0.388888888888889         2.8359999999999976       -0.05
0.16666666666666674       2.448000000000001        -0.05
0.27777777777777785       2.4480000000000017       -0.05
0.3888888888888889        2.4479999999999986       -0.05
-0.388888888888889        5.552                    0.05
-0.277777777777778        5.552                    0.05
-0.388888888888889        5.163999999999998        0.05
-0.16666666666666663      5.552                    0.05
-0.27777777777777773      5.163999999999999        0.05
-0.388888888888889        4.775999999999998        0.05
-0.05555555555555574      5.552                    0.05
-0.16666666666666674      5.164                    0.05
-0.27777777777777773      4.775999999999999        0.05
-0.3888888888888889       4.388                    0.05
0.05555555555555562       5.552                    0.05
-0.05555555555555562      5.163999999999999        0.05
-0.16666666666666674      4.775999999999998        0.05
-0.27777777777777773      4.388                    0.05
-0.3888888888888889       3.9999999999999982       0.05
0.16666666666666663       5.551999999999998        0.05
0.05555555555555562       5.163999999999999        0.05
-0.05555555555555586      4.775999999999999        0.05
-0.16666666666666674      4.388                    0.05
-0.27777777777777773      3.9999999999999996       0.05
-0.3888888888888889       3.612                    0.05
0.2777777777777777        5.552                    0.05
0.16666666666666663       5.163999999999998        0.05
0.055555555555555566      4.775999999999999        0.05
-0.05555555555555574      4.388                    0.05
-0.16666666666666674      3.9999999999999996       0.05
-0.27777777777777773      3.612                    0.05
-0.38888888888888873      3.2239999999999998       0.05
0.3888888888888889        5.551999999999998        0.05
0.2777777777777777        5.163999999999999        0.05
0.16666666666666663       4.775999999999997        0.05
0.055555555555555684      4.388                    0.05
-0.055555555555555504     3.9999999999999996       0.05
-0.16666666666666674      3.612                    0.05
-0.27777777777777773      3.2239999999999998       0.05
-0.3888888888888889       2.836000000000001        0.05
0.3888888888888889        5.163999999999999        0.05
0.2777777777777776        4.775999999999998        0.05
0.16666666666666663       4.387999999999998        0.05
0.05555555555555562       3.9999999999999996       0.05
-0.05555555555555562      3.611999999999999        0.05
-0.16666666666666674      3.224                    0.05
-0.2777777777777775       2.836000000000001        0.05
-0.388888888888889        2.4480000000000004       0.05
0.38888888888888884       4.775999999999998        0.05
0.27777777777777773       4.387999999999999        0.05
0.16666666666666674       3.9999999999999996       0.05
0.05555555555555574       3.612                    0.05
-0.05555555555555574      3.224                    0.05
-0.16666666666666663      2.836                    0.05
-0.2777777777777775       2.4480000000000017       0.05
0.3888888888888889        4.388                    0.05
0.27777777777777773       3.9999999999999996       0.05
0.16666666666666674       3.6119999999999988       0.05
0.055555555555555684      3.2239999999999998       0.05
-0.05555555555555562      2.8359999999999994       0.05
-0.16666666666666663      2.4480000000000004       0.05
0.3888888888888889        3.9999999999999996       0.05
0.27777777777777785       3.611999999999999        0.05
0.16666666666666674       3.2239999999999993       0.05
0.05555555555555562       2.8360000000000003       0.05
-0.05555555555555574      2.448000000000001        0.05
0.3888888888888889        3.611999999999999        0.05
0.27777777777777785       3.223999999999999        0.05
0.16666666666666674       2.835999999999999        0.05
0.05555555555555562       2.448000000000001        0.05
0.38888888888888895       3.2239999999999993       0.05
0.2777777777777778        2.836                    0.05
0.16666666666666674       2.448                    0.05
0.38888888888888895       2.8359999999999976       0.05
0.2777777777777779        2.448000000000001        0.05
0.3888888888888889        2.4479999999999986       0.05
% Elements (triangles)
1          2         3
3          4         5
4          3         2
2          6         4
7          5         4
4          8         7
8          4         6
6          9         8
10         7         8
8          11        10
11         8         9
9          12        11
13         10        11
11         14        13
14         11        12
12         15        14
16         13        14
14         17        16
17         14        15
15         18        17
19         16        17
17         20        19
20         17        18
18         21        20
22         19        20
20         23        22
23         20        21
21         24        23
25         23        24
24         26        25
27         22        23
23         25        27
28         25        26
26         29        28
30         27        25
25         28        30
31         28        29
29         32        31
33         30        28
28         31        33
34         31        32
32         35        34
36         33        31
31         34        36
37         34        35
35         38        37
39         36        34
34         37        39
40         37        38
38         41        40
42         39        37
37         40        42
43         40        41
41         44        43
45         42        40
40         43        45
46         43        44
44         47        46
48         45        43
43         46        48
49         46        47
50         48        46
46         49        50
51         50        49
52         53        54
55         54        53
56         52        57
54         57        52
54         55        58
59         58        55
57         54        60
58         60        54
58         59        61
62         61        59
60         58        63
61         63        58
61         62        64
65         64        62
63         61        66
64         66        61
64         65        67
68         67        65
66         64        69
67         69        64
67         68        70
71         70        68
69         67        72
70         72        67
70         71        73
74         73        71
72         70        75
73         75        70
73         74        76
77         76        74
76         77        3
1          3         77
75         73        78
76         78        73
78         76        5
3          5         76
79         80        81
82         81        80
81         82        83
84         83        82
85         79        86
81         86        79
86         81        87
83         87        81
88         85        89
86         89        85
89         86        90
87         90        86
91         88        92
89         92        88
92         89        93
90         93        89
94         91        95
92         95        91
95         92        96
93         96        92
97         94        98
95         98        94
98         95        99
96         99        95
100        97        101
98         101       97
101        98        102
99         102       98
103        100       104
101        104       100
47         103       49
104        49        103
104        101       105
102        105       101
49         104       51
105        51        104
106        107       108
109        108       107
108        109       110
111        110       109
107        112       109
113        109       112
109        113       111
114        111       113
112        115       113
116        113       115
113        116       114
117        114       116
115        118       116
119        116       118
116        119       117
120        117       119
118        121       119
122        119       121
119        122       120
123        120       122
121        124       122
125        122       124
122        125       123
126        123       125
124        127       125
128        125       127
125        128       126
129        126       128
127        130       128
131        128       130
128        131       129
132        129       131
130        133       131
134        131       133
131        134       132
135        132       134
133        136       134
137        134       136
134        137       135
138        135       137
136        139       137
140        137       139
137        140       138
141        138       140
139        142       140
143        140       142
140        143       141
144        141       143
142        145       143
146        143       145
143        146       144
147        144       146
145        148       146
149        146       148
146        149       147
150        147       149
148        151       149
152        149       151
149        152       150
153        150       152
151        154       152
155        152       154
152        155       153
156        153       155
157        158       154
155        154       158
158        159       155
156        155       159
160        161       157
158        157       161
161        162       158
159        158       162
163        164       160
161        160       164
164        165       161
162        161       165
166        167       163
164        163       167
167        168       164
165        164       168
169        170       166
167        166       170
170        171       167
168        167       171
172        173       169
170        169       173
173        174       170
171        170       174
175        176       172
173        172       176
176        177       173
174        173       177
178        179       175
176        175       179
180        181       178
179        178       181
179        182       176
177        176       182
181        183       179
182        179       183
108        184       106
185        106       184
110        186       108
184        108       186
184        187       185
188        185       187
186        189       184
187        184       189
187        190       188
191        188       190
189        192       187
190        187       192
190        193       191
194        191       193
192        195       190
193        190       195
193        196       194
197        194       196
195        198       193
196        193       198
196        199       197
200        197       199
198        201       196
199        196       201
199        202       200
203        200       202
201        204       199
202        199       204
202        205       203
206        203       205
205        207       206
208        206       207
204        209       202
205        202       209
209        210       205
207        205       210
53         52        211
52         56        212
212        211       52
213        212       56
211        212       214
212        213       215
215        214       212
216        215       213
214        215       217
215        216       218
218        217       215
219        218       216
217        218       220
218        219       221
221        220       218
222        221       219
220        221       223
221        222       224
224        223       221
225        224       222
223        224       226
224        225       227
227        226       224
228        227       225
226        227       229
227        228       230
230        229       227
231        230       228
229        230       232
230        231       233
233        232       230
234        233       231
232        233       235
233        234       236
236        235       233
237        236       234
235        236       238
236        237       239
239        238       236
240        239       237
238        239       241
239        240       242
242        241       239
243        242       240
241        242       244
242        243       245
245        244       242
246        245       243
244        245       247
245        246       248
248        247       245
249        248       246
247        248       250
248        249       251
251        250       248
252        251       249
250        251       253
251        252       254
254        253       251
255        254       252
253        254       80
254        255       82
82         80        254
84         82        255
208        207       256
256        257       258
257        256       207
207        210       257
258        259       260
259        258       257
257        261       259
261        257       210
260        262       263
262        260       259
259        264       262
264        259       261
263        265       266
265        263       262
262        267       265
267        262       264
266        268       269
268        266       265
265        270       268
270        265       267
269        271       272
271        269       268
268        273       271
273        268       270
272        274       275
274        272       271
271        276       274
276        271       273
275        277       278
277        275       274
274        279       277
279        274       276
278        280       281
280        278       277
277        282       280
282        277       279
281        283       284
283        281       280
280        285       283
285        280       282
284        286       287
286        284       283
283        288       286
288        283       285
287        289       290
289        287       286
286        291       289
291        286       288
290        292       293
292        290       289
289        294       292
294        289       291
293        295       296
295        293       292
292        297       295
297        292       294
296        298       180
298        296       295
295        299       298
299        295       297
181        180       298
298        300       181
300        298       299
183        181       300
56         57        213
57         60        301
301        213       57
60         63        302
302        301       60
63         66        303
303        302       63
66         69        304
304        303       66
69         72        305
305        304       69
72         75        306
306        305       72
75         78        307
307        306       75
78         5         308
308        307       78
7          308       5
53         211       55
55         309       59
309        55        211
59         310       62
310        59        309
62         311       65
311        62        310
65         312       68
312        65        311
68         313       71
313        68        312
71         314       74
314        71        313
74         315       77
315        74        314
77         316       1
316        77        315
2          1         316
243        317       246
318        246       317
246        318       249
317        319       318
320        249       318
249        320       252
319        321       322
322        318       319
318        322       320
323        252       320
252        323       255
324        320       322
320        324       323
321        325       326
326        322       321
322        326       324
327        255       323
255        327       84
328        323       324
323        328       327
325        329       330
330        326       325
326        330       331
331        324       326
324        331       328
83         84        327
332        327       328
327        332       83
329        333       334
334        330       329
335        328       331
328        335       332
330        334       336
336        331       330
331        336       335
87         83        332
333        337       338
338        334       333
339        332       335
332        339       87
334        338       340
340        336       334
336        340       341
341        335       336
335        341       339
337        342       343
343        338       337
90         87        339
338        343       344
344        340       338
345        339       341
339        345       90
340        344       346
346        341       340
341        346       345
342        39        347
347        343       342
343        347       348
348        344       343
93         90        345
344        348       349
349        346       344
346        349       350
350        345       346
345        350       93
42         347       39
347        42        351
351        348       347
348        351       352
352        349       348
96         93        350
349        352       353
353        350       349
350        353       96
45         351       42
351        45        354
354        352       351
352        354       355
355        353       352
353        355       99
99         96        353
48         354       45
354        48        356
356        355       354
355        356       102
102        99        355
50         356       48
356        50        105
105        102       356
51         105       50
241        244       357
358        357       244
244        247       358
357        358       359
360        358       247
247        250       360
361        359       358
358        360       361
359        361       362
363        360       250
250        253       363
364        361       360
360        363       364
362        365       366
365        362       361
361        364       365
367        363       253
253        80        367
368        364       363
363        367       368
369        365       364
364        368       369
366        370       371
370        366       365
365        369       370
372        368       367
367        79        372
79         367       80
373        369       368
368        372       373
371        374       375
374        371       370
370        376       374
376        370       369
369        373       376
375        377       378
377        375       374
379        373       372
372        85        379
85         372       79
380        376       373
373        379       380
374        381       377
381        374       376
376        380       381
378        382       383
382        378       377
383        384       32
384        383       382
35         32        384
377        385       382
385        377       381
386        380       379
379        88        386
88         379       85
381        387       385
387        381       380
380        386       387
382        388       384
388        382       385
384        389       35
389        384       388
38         35        389
385        390       388
390        385       387
387        391       390
391        387       386
386        91        391
91         386       88
388        392       389
392        388       390
389        393       38
393        389       392
41         38        393
390        394       392
394        390       391
391        94        394
94         391       91
392        395       393
395        392       394
393        396       41
396        393       395
44         41        396
394        97        395
97         394       94
395        100       396
100        395       97
396        103       44
103        396       100
47         44        103
139        397       142
142        398       145
398        142       397
397        399       398
145        400       148
400        145       398
398        401       400
401        398       399
399        402       401
148        403       151
403        148       400
404        401       402
402        405       404
400        406       403
406        400       401
401        404       406
407        404       405
405        408       407
409        151       403
151        409       154
403        410       409
410        403       406
406        411       410
411        406       404
404        407       411
412        407       408
408        413       412
414        411       407
407        412       414
415        409       410
157        154       409
409        415       157
410        416       415
416        410       411
411        414       416
417        412       413
413        418       417
419        414       412
412        417       419
420        416       414
414        419       420
421        415       416
416        420       421
160        157       415
415        421       160
422        417       418
418        423       422
424        422       423
423        284       424
287        424       284
425        419       417
417        422       425
426        420       419
419        425       426
427        421       420
420        426       427
163        160       421
421        427       163
428        425       422
422        424       428
429        428       424
424        287       429
290        429       287
430        426       425
425        428       430
431        427       426
426        430       431
166        163       427
427        431       166
432        430       428
428        429       432
433        432       429
429        290       433
293        433       290
434        431       430
430        432       434
169        166       431
431        434       169
435        434       432
432        433       435
436        435       433
433        293       436
296        436       293
172        169       434
434        435       172
175        172       435
435        436       175
178        175       436
436        296       178
180        178       296
141        144       437
144        147       438
438        437       144
437        438       439
440        439       438
439        440       441
147        150       442
442        438       147
438        442       440
443        441       440
441        443       444
150        153       445
445        442       150
442        445       446
446        440       442
440        446       443
447        444       443
444        447       448
153        156       449
449        445       153
450        443       446
443        450       447
445        449       451
451        446       445
446        451       450
452        448       447
448        452       453
159        449       156
454        447       450
447        454       452
449        159       455
455        451       449
451        455       456
456        450       451
450        456       454
457        453       452
453        457       458
459        452       454
452        459       457
162        455       159
460        454       456
454        460       459
455        162       461
461        456       455
456        461       460
462        458       457
458        462       463
464        457       459
457        464       462
465        459       460
459        465       464
165        461       162
461        165       466
466        460       461
460        466       465
467        463       462
463        467       291
468        462       464
462        468       467
469        464       465
464        469       468
470        465       466
465        470       469
168        466       165
466        168       470
294        291       467
471        467       468
467        471       294
472        468       469
468        472       471
473        469       470
469        473       472
171        470       168
470        171       473
297        294       471
474        471       472
471        474       297
475        472       473
472        475       474
174        473       171
473        174       475
299        297       474
476        474       475
474        476       299
177        475       174
475        177       476
300        299       476
182        476       177
476        182       300
183        300       182
106        185       107
477        107       185
185        188       477
478        477       188
188        191       478
479        478       191
191        194       479
480        479       194
194        197       480
481        480       197
197        200       481
482        481       200
200        203       482
483        482       203
203        206       483
484        483       206
206        208       484
256        484       208
110        111       186
485        186       111
186        485       189
486        189       485
189        486       192
487        192       486
192        487       195
488        195       487
195        488       198
489        198       488
198        489       201
490        201       489
201        490       204
491        204       490
204        491       209
492        209       491
209        492       210
261        210       492
213        301       216
301        302       493
493        216       301
216        493       219
302        303       494
494        493       302
493        494       495
495        219       493
219        495       222
303        304       496
496        494       303
494        496       497
497        495       494
495        497       498
498        222       495
222        498       225
304        305       499
499        496       304
496        499       500
500        497       496
497        500       501
501        498       497
498        501       502
502        225       498
225        502       228
305        306       503
503        499       305
499        503       504
504        500       499
500        504       505
505        501       500
501        505       506
506        502       501
502        506       507
507        228       502
228        507       231
306        307       508
508        503       306
503        508       509
509        504       503
504        509       510
510        505       504
505        510       511
511        506       505
506        511       512
512        507       506
507        512       513
513        231       507
231        513       234
307        308       514
514        508       307
508        514       515
515        509       508
509        515       516
516        510       509
510        516       517
517        511       510
511        517       518
518        512       511
512        518       519
519        513       512
513        519       520
520        234       513
234        520       237
308        7         521
521        514       308
514        521       522
522        515       514
515        522       523
523        516       515
516        523       524
524        517       516
517        524       525
525        518       517
518        525       526
526        519       518
519        526       527
527        520       519
520        527       528
528        237       520
237        528       240
10         521       7
521        10        529
529        522       521
522        529       530
530        523       522
523        530       531
531        524       523
524        531       532
532        525       524
525        532       533
533        526       525
526        533       534
534        527       526
527        534       535
535        528       527
528        535       536
536        240       528
240        536       243
13         529       10
529        13        537
537        530       529
530        537       538
538        531       530
531        538       539
539        532       531
532        539       540
540        533       532
533        540       541
541        534       533
534        541       542
542        535       534
317        243       536
535        542       543
543        536       535
536        543       317
16         537       13
537        16        544
544        538       537
538        544       545
545        539       538
539        545       546
546        540       539
540        546       547
547        541       540
541        547       548
548        542       541
542        548       549
549        543       542
543        549       319
319        317       543
19         544       16
544        19        550
550        545       544
545        550       551
551        546       545
546        551       552
552        547       546
547        552       553
553        548       547
548        553       554
554        549       548
549        554       321
321        319       549
22         550       19
550        22        555
555        551       550
551        555       556
556        552       551
552        556       557
557        553       552
553        557       558
558        554       553
554        558       325
325        321       554
27         555       22
555        27        559
559        556       555
556        559       560
560        557       556
557        560       561
561        558       557
558        561       329
329        325       558
30         559       27
559        30        562
562        560       559
560        562       563
563        561       560
561        563       333
333        329       561
33         562       30
562        33        564
564        563       562
563        564       337
337        333       563
36         564       33
564        36        342
342        337       564
39         342       36
211        214       309
309        565       310
565        309       214
214        217       565
310        566       311
566        310       565
565        567       566
567        565       217
217        220       567
311        568       312
568        311       566
566        569       568
569        566       567
567        570       569
570        567       220
220        223       570
312        571       313
571        312       568
568        572       571
572        568       569
569        573       572
573        569       570
570        574       573
574        570       223
223        226       574
313        575       314
575        313       571
571        576       575
576        571       572
572        577       576
577        572       573
573        578       577
578        573       574
574        579       578
579        574       226
226        229       579
314        580       315
580        314       575
575        581       580
581        575       576
576        582       581
582        576       577
577        583       582
583        577       578
578        584       583
584        578       579
579        585       584
585        579       229
229        232       585
315        586       316
586        315       580
316        587       2
587        316       586
6          2         587
580        588       586
588        580       581
581        589       588
589        581       582
582        590       589
590        582       583
583        591       590
591        583       584
584        592       591
592        584       585
585        593       592
593        585       232
232        235       593
586        594       587
594        586       588
587        595       6
595        587       594
9          6         595
588        596       594
596        588       589
589        597       596
597        589       590
590        598       597
598        590       591
591        599       598
599        591       592
592        600       599
600        592       593
593        601       600
601        593       235
235        238       601
594        602       595
602        594       596
595        603       9
603        595       602
12         9         603
596        604       602
604        596       597
597        605       604
605        597       598
598        606       605
606        598       599
599        607       606
607        599       600
600        608       607
608        600       601
601        609       608
609        601       238
238        241       609
602        610       603
610        602       604
603        611       12
611        603       610
15         12        611
604        612       610
612        604       605
605        613       612
613        605       606
606        614       613
614        606       607
607        615       614
615        607       608
608        616       615
616        608       609
609        357       616
357        609       241
610        617       611
617        610       612
611        618       15
618        611       617
18         15        618
612        619       617
619        612       613
613        620       619
620        613       614
614        621       620
621        614       615
615        622       621
622        615       616
616        359       622
359        616       357
617        623       618
623        617       619
618        624       18
624        618       623
21         18        624
619        625       623
625        619       620
620        626       625
626        620       621
621        627       626
627        621       622
622        362       627
362        622       359
623        628       624
628        623       625
624        629       21
629        624       628
24         21        629
625        630       628
630        625       626
626        631       630
631        626       627
627        366       631
366        627       362
628        632       629
632        628       630
629        633       24
633        629       632
26         24        633
630        634       632
634        630       631
631        371       634
371        631       366
632        635       633
635        632       634
633        636       26
636        633       635
29         26        636
634        375       635
375        634       371
635        378       636
378        635       375
636        383       29
383        636       378
32         29        383
107        477       112
637        112       477
477        478       637
112        637       115
638        637       478
478        479       638
639        115       637
637        638       639
115        639       118
640        638       479
479        480       640
641        639       638
638        640       641
642        118       639
639        641       642
118        642       121
643        640       480
480        481       643
644        641       640
640        643       644
645        642       641
641        644       645
646        121       642
642        645       646
121        646       124
647        643       481
481        482       647
648        644       643
643        647       648
649        645       644
644        648       649
650        646       645
645        649       650
651        124       646
646        650       651
124        651       127
652        647       482
482        483       652
653        648       647
647        652       653
654        649       648
648        653       654
655        650       649
649        654       655
656        651       650
650        655       656
657        127       651
651        656       657
127        657       130
658        652       483
483        484       658
659        658       484
484        256       659
258        659       256
660        653       652
652        658       660
661        654       653
653        660       661
662        655       654
654        661       662
663        656       655
655        662       663
664        657       656
656        663       664
665        130       657
657        664       665
130        665       133
666        660       658
658        659       666
667        666       659
659        258       667
260        667       258
668        661       660
660        666       668
669        662       661
661        668       669
670        663       662
662        669       670
671        664       663
663        670       671
672        665       664
664        671       672
673        133       665
665        672       673
133        673       136
674        668       666
666        667       674
675        674       667
667        260       675
263        675       260
676        669       668
668        674       676
677        670       669
669        676       677
678        671       670
670        677       678
679        672       671
671        678       679
680        673       672
672        679       680
681        136       673
673        680       681
136        681       139
682        676       674
674        675       682
683        682       675
675        263       683
266        683       263
684        677       676
676        682       684
685        678       677
677        684       685
686        679       678
678        685       686
687        680       679
679        686       687
688        681       680
680        687       688
397        139       681
681        688       397
689        684       682
682        683       689
690        689       683
683        266       690
269        690       266
691        685       684
684        689       691
692        686       685
685        691       692
693        687       686
686        692       693
694        688       687
687        693       694
399        397       688
688        694       399
695        691       689
689        690       695
696        695       690
690        269       696
272        696       269
697        692       691
691        695       697
698        693       692
692        697       698
699        694       693
693        698       699
402        399       694
694        699       402
700        697       695
695        696       700
701        700       696
696        272       701
275        701       272
702        698       697
697        700       702
703        699       698
698        702       703
405        402       699
699        703       405
704        702       700
700        701       704
705        704       701
701        275       705
278        705       275
706        703       702
702        704       706
408        405       703
703        706       408
707        706       704
704        705       707
708        707       705
705        278       708
281        708       278
413        408       706
706        707       413
418        413       707
707        708       418
423        418       708
708        281       423
284        423       281
111        114       485
709        485       114
485        709       486
114        117       709
710        486       709
486        710       487
711        709       117
709        711       710
117        120       711
712        487       710
487        712       488
713        710       711
710        713       712
714        711       120
711        714       713
120        123       714
715        488       712
488        715       489
716        712       713
712        716       715
717        713       714
713        717       716
718        714       123
714        718       717
123        126       718
719        489       715
489        719       490
720        715       716
715        720       719
721        716       717
716        721       720
722        717       718
717        722       721
723        718       126
718        723       722
126        129       723
724        490       719
490        724       491
725        719       720
719        725       724
726        720       721
720        726       725
727        721       722
721        727       726
728        722       723
722        728       727
729        723       129
723        729       728
129        132       729
730        491       724
491        730       492
731        724       725
724        731       730
732        725       726
725        732       731
733        726       727
726        733       732
734        727       728
727        734       733
735        728       729
728        735       734
736        729       132
729        736       735
132        135       736
737        492       730
492        737       261
738        730       731
730        738       737
739        731       732
731        739       738
740        732       733
732        740       739
741        733       734
733        741       740
742        734       735
734        742       741
743        735       736
735        743       742
744        736       135
736        744       743
135        138       744
264        261       737
745        737       738
737        745       264
746        738       739
738        746       745
747        739       740
739        747       746
748        740       741
740        748       747
749        741       742
741        749       748
750        742       743
742        750       749
751        743       744
743        751       750
752        744       138
744        752       751
138        141       752
267        264       745
753        745       746
745        753       267
754        746       747
746        754       753
755        747       748
747        755       754
756        748       749
748        756       755
757        749       750
749        757       756
758        750       751
750        758       757
759        751       752
751        759       758
437        752       141
752        437       759
270        267       753
760        753       754
753        760       270
761        754       755
754        761       760
762        755       756
755        762       761
763        756       757
756        763       762
764        757       758
757        764       763
765        758       759
758        765       764
439        759       437
759        439       765
273        270       760
766        760       761
760        766       273
767        761       762
761        767       766
768        762       763
762        768       767
769        763       764
763        769       768
770        764       765
764        770       769
441        765       439
765        441       770
276        273       766
771        766       767
766        771       276
772        767       768
767        772       771
773        768       769
768        773       772
774        769       770
769        774       773
444        770       441
770        444       774
279        276       771
775        771       772
771        775       279
776        772       773
772        776       775
777        773       774
773        777       776
448        774       444
774        448       777
282        279       775
778        775       776
775        778       282
779        776       777
776        779       778
453        777       448
777        453       779
285        282       778
780        778       779
778        780       285
458        779       453
779        458       780
288        285       780
463        780       458
780        463       288
291        288       463
% Data (material.domain)
0
0
0
0
0
0
0
0
0
0
0
0
0
0
0
0
0
0
0
0
0
0
0
0
0
0
0
0
0
0
0
0
0
0
0
0
0
0
0
0
0
0
0
0
0
0
0
0
0
0
0
0
0
0
0
0
0
0
0
0
0
0
0
0
0
0
0
0
0
0
0
0
0
0
0
0
0
0
0
0
0
0
0
0
0
0
0
0
0
0
0
0
0
0
0
0
0
0
0
0
0
0
0
0
0
0
0
0
0
0
0
0
0
0
0
0
0
0
0
0
0
0
0
0
0
0
0
0
0
0
0
0
0
0
0
0
0
0
0
0
0
0
0
0
0
0
0
0
0
0
0
0
0
0
0
0
0
0
0
0
0
0
0
0
0
0
0
0
0
0
0
0
0
0
0
0
0
0
0
0
0
0
0
0
0
0
0
0
0
0
0
0
0
0
0
0
0
0
0
0
0
0
0
0
0
0
0
0
0
0
0
0
0
0
0
0
0
0
0
0
0
0
0
0
0
0
0
0
0
0
0
0
0
0
0
0
0
0
0
0
0
0
0
0
0
0
0
0
0
0
0
0
0
0
0
0
0
0
0
0
0
0
0
0
0
0
0
0
0
0
0
0
0
0
0
0
0
0
0
0
0
0
0
0
0
0
0
0
0
0
0
0
0
0
0
0
0
0
0
0
0
0
0
0
0
0
0
0
0
0
0
0
0
0
0
0
0
0
0
0
0
0
0
0
0
0
0
0
0
0
0
0
0
0
0
0
0
0
0
0
0
0
0
0
0
0
0
0
0
0
0
0
0
0
0
0
0
0
0
0
0
0
0
0
0
0
0
0
0
0
0
0
0
0
0
0
0
0
0
0
0
0
0
0
0
0
0
0
0
0
0
0
0
0
0
0
0
0
0
0
0
0
0
0
0
0
0
0
0
0
0
0
0
0
0
0
0
0
0
0
0
0
0
0
0
0
0
0
0
0
0
0
0
0
0
0
0
0
0
0
0
0
0
0
0
0
0
0
0
0
0
0
0
0
0
0
0
0
0
0
0
0
0
0
0
0
0
0
0
0
0
0
0
0
0
0
0
0
0
0
0
0
0
0
0
0
0
0
0
0
0
0
0
0
0
0
0
0
0
0
0
0
0
0
0
0
0
0
0
0
0
0
0
0
0
0
0
0
0
0
0
0
0
0
0
0
0
0
0
0
0
0
0
0
0
0
0
0
0
0
0
0
0
0
0
0
0
0
0
0
0
0
0
0
0
0
0
0
0
0
0
0
0
0
0
0
0
0
0
0
0
0
0
0
0
0
0
0
0
0
0
0
0
0
0
0
0
0
0
0
0
0
0
0
0
0
0
0
0
0
0
0
0
0
0
0
0
0
0
0
0
0
0
0
0
0
0
0
0
0
0
0
0
0
0
0
0
0
0
0
0
0
0
0
0
0
0
0
0
0
0
0
0
0
0
0
0
0
0
0
0
0
0
0
0
0
0
0
0
0
0
0
0
0
0
0
0
0
0
0
0
0
0
0
0
0
0
0
0
0
0
0
0
0
0
0
0
0
0
0
0
0
0
0
0
0
0
0
0
0
0
0
0
0
0
0
0
0
0
0
0
0
0
0
0
0
0
0
0
0
0
0
0
0
0
0
0
0
0
0
0
0
0
0
0
0
0
0
0
0
0
0
0
0
0
0
0
0
0
0
0
0
0
0
0
0
0
0
0
0
0
0
0
0
0
0
0
0
0
0
0
0
0
0
0
0
0
0
0
0
