% Model:              Box_wing_001_surf_surf_004.mph
% Version:            COMSOL 6.0.0.405
% Date:               Oct 12 2022, 17:27
% Dimension:          3
% Nodes:              610
% Elements:           828
% Expressions:        1
% Description:        Material settings
% Length unit:        m
% Coordinates
-1.265                    -0.6                     0.55
-1.265                    -0.35999999999999993     0.55
-1.265                    -0.6                     0.32999999999999996
-1.265                    -0.11999999999999991     0.55
-1.265                    -0.35999999999999993     0.32999999999999996
-1.265                    -0.6                     0.10999999999999993
-1.265                    -0.35999999999999993     0.11000000000000007
-1.265                    -0.6                     -0.11000000000000008
-1.265                    0.12000000000000002      0.55
-1.265                    -0.11999999999999991     0.32999999999999996
-1.265                    0.12000000000000002      0.33
-1.265                    0.36                     0.55
-1.265                    -0.36                    -0.11000000000000007
-1.265                    -0.6                     -0.3300000000000002
-1.265                    -0.11999999999999991     0.10999999999999995
-1.265                    -0.36                    -0.33000000000000007
-1.265                    -0.6                     -0.5500000000000002
-1.265                    0.11999999999999991      0.10999999999999995
-1.265                    0.36000000000000004      0.33
-1.265                    0.6                      0.55
-1.265                    -0.36                    -0.5500000000000002
-1.265                    -0.12000000000000002     -0.10999999999999995
-1.265                    -0.12000000000000002     -0.33000000000000035
-1.265                    0.11999999999999968      -0.10999999999999995
-1.265                    0.35999999999999993      0.11000000000000001
-1.265                    0.6                      0.33000000000000007
-1.265                    -0.12000000000000002     -0.5500000000000002
-1.265                    0.11999999999999991      -0.33000000000000007
-1.265                    0.35999999999999993      -0.11000000000000007
-1.265                    0.6                      0.10999999999999997
-1.265                    0.11999999999999991      -0.5500000000000002
-1.265                    0.35999999999999993      -0.32999999999999996
-1.265                    0.6                      -0.11000000000000006
-1.265                    0.35999999999999993      -0.5500000000000002
-1.265                    0.6                      -0.33000000000000007
-1.265                    0.6                      -0.5500000000000002
0.8650000000000003        0.36                     -0.5499999999999998
0.6643620000000005        0.36                     -0.55
0.8650000000000003        0.6                      -0.55
0.6890900000000003        0.6                      -0.55
0.8650000000000002        0.12                     -0.5499999999999998
0.639634                  0.12000000000000002      -0.55
0.5131800000000002        0.6                      -0.55
0.8650000000000003        -0.36                    -0.5499999999999998
0.5901780000000004        -0.36000000000000004     -0.55
0.8650000000000002        -0.12000000000000001     -0.5499999999999998
0.8650000000000003        -0.6                     -0.55
0.5654500000000003        -0.6                     -0.55
0.6149060000000002        -0.12000000000000013     -0.55
0.4783980000000003        0.36                     -0.55
0.4436160000000002        0.11999999999999991      -0.55
0.25659000000000015       0.6                      -0.55
0.22789000000000023       0.36                     -0.5500000000000002
0.37405200000000033       -0.35999999999999993     -0.55
0.3392700000000002        -0.6                     -0.55
0.4088339999999999        -0.12000000000000013     -0.55
0.11309000000000016       -0.6                     -0.55
0.14179000000000042       -0.35999999999999993     -0.5500000000000002
0.19919000000000023       0.12000000000000002      -0.5500000000000002
0.1704900000000003        -0.12000000000000013     -0.5500000000000002
1.1622647289044608E-16    0.5999999999999999       -0.55
-0.022617999999999524     0.35999999999999993      -0.5500000000000002
-0.045236000000000005     0.12000000000000002      -0.5500000000000002
-0.5654499999999998       -0.6                     -0.5500000000000002
-0.8649999999999998       -0.6                     -0.5500000000000002
-0.5549960000000002       -0.35999999999999993     -0.5500000000000002
-0.11308999999999977      -0.5999999999999999      -0.55
-0.09047200000000001      -0.35999999999999993     -0.5500000000000002
-0.33926999999999974      -0.5999999999999999      -0.55
-0.3227340000000004       -0.36000000000000004     -0.5500000000000002
-0.06785400000000025      -0.12000000000000002     -0.5500000000000002
-0.27312600000000015      0.35999999999999993      -0.5500000000000002
-0.25658999999999993      0.6000000000000001       -0.5500000000000002
-0.8649999999999998       -0.36                    -0.5500000000000002
-0.28966200000000003      0.12000000000000002      -0.5500000000000002
-0.5445419999999997       -0.12000000000000002     -0.5500000000000002
-0.30619799999999986      -0.12000000000000013     -0.5500000000000002
-0.8649999999999998       -0.12                    -0.5500000000000002
-0.534088                 0.12000000000000002      -0.5500000000000002
-0.5236339999999996       0.35999999999999993      -0.5500000000000002
-0.5131799999999999       0.6                      -0.5500000000000002
-0.8649999999999998       0.12000000000000001      -0.5500000000000002
-0.8649999999999999       0.6                      -0.5500000000000002
-0.8649999999999998       0.36                     -0.5500000000000002
0.5654500000000002        -0.5999999999999999      0.32999999999999996
0.5654500000000003        -0.6                     0.5500000000000002
0.4695340000000001        -0.6                     0.32999999999999996
0.5021000000000003        -0.6000000000000001      0.5500000000000003
0.43875000000000025       -0.6                     0.5500000000000002
0.5654500000000003        -0.6                     0.10999999999999995
0.4369680000000009        -0.6                     0.11000000000000001
0.3736180000000003        -0.6                     0.32999999999999996
2.3592239273284576E-16    -0.5999999999999999      0.5500000000000002
0.5654500000000003        -0.5999999999999999      -0.11000000000000017
0.40440200000000026       -0.6                     -0.10999999999999995
0.5654500000000003        -0.5999999999999999      -0.33000000000000007
0.37183600000000006       -0.6                     -0.33000000000000007
0.3084860000000001        -0.6                     0.10999999999999995
-0.43874999999999975      -0.6                     0.55
-0.41885399999999984      -0.6                     0.33000000000000007
-0.5654499999999998       -0.6                     0.55
-0.022617999999999985     -0.6                     0.33000000000000007
-0.5654499999999998       -0.5999999999999999      0.33000000000000007
0.24335399999999996       -0.6                     -0.10999999999999995
0.17822200000000002       -0.6                     -0.33000000000000007
-0.04523599999999926      -0.6                     0.11000000000000025
-0.0904719999999997       -0.6                     -0.3299999999999996
-0.39895799999999987      -0.6                     0.11000000000000021
-0.5654499999999998       -0.5999999999999999      0.11000000000000017
-0.35916599999999993      -0.6                     -0.32999999999999974
-0.06785399999999972      -0.6                     -0.10999999999999983
-0.379062                 -0.6                     -0.10999999999999995
-0.5654499999999998       -0.6                     -0.10999999999999995
-0.5654499999999998       -0.5999999999999999      -0.32999999999999996
0.5131799999999999        0.5999999999999999       0.33000000000000007
0.402318                  0.6                      0.33000000000000035
0.5131800000000002        0.6                      0.5500000000000002
0.43875000000000003       0.6                      0.5500000000000002
0.51318                   0.5999999999999999       0.11000000000000017
0.3658859999999999        0.6                      0.11000000000000021
0.5131800000000001        0.6                      -0.10999999999999995
0.51318                   0.5999999999999999       -0.32999999999999996
0.32945400000000014       0.6                      -0.10999999999999995
0.293022                  0.6                      -0.32999999999999985
3.469446951953614E-17     0.6                      0.5500000000000002
1.8432499300109E-16       0.6                      0.32999999999999996
-0.43875000000000003      0.6                      0.55
2.247383373729527E-16     0.6                      -0.32999999999999996
-4.041334437186266E-17    0.6                      0.10999999999999995
2.1126722258233177E-16    0.6                      -0.11000000000000007
-0.402318                 0.6                      0.32999999999999996
-0.5131799999999999       0.6                      0.55
-0.5131799999999997       0.5999999999999999       0.32999999999999996
-0.3658860000000002       0.6                      0.10999999999999995
-0.2930220000000001       0.6                      -0.33
-0.3294539999999999       0.6                      -0.11000000000000014
-0.5131799999999997       0.6                      0.10999999999999995
-0.5131799999999996       0.5999999999999999       -0.11000000000000017
-0.5131799999999997       0.5999999999999999       -0.33000000000000007
0.43875000000000014       -0.36                    0.55
0.43875000000000014       0.36                     0.5500000000000002
2.382094521635736E-16     0.35999999999999993      0.5500000000000002
0.43875000000000014       -0.12                    0.55
2.382094521635736E-16     -0.3599999999999999      0.5500000000000002
-0.4387499999999998       -0.36                    0.5500000000000002
0.43875000000000014       0.12000000000000001      0.55
0                         -0.11999999999999991     0.5500000000000002
2.382094521635736E-16     0.12000000000000013      0.5500000000000002
-0.4387499999999998       0.12                     0.55
-0.4387499999999998       0.36                     0.55
-0.4387499999999998       -0.12000000000000001     0.55
1.2650000000000001        -0.2                     0.5500000000000002
1.2650000000000001        -0.19999999999999998     0.3300000000000001
1.2650000000000001        -1.1275702593849246E-17  0.5500000000000002
1.2650000000000001        0                        0.33000000000000007
1.2650000000000001        0.2                      0.5500000000000002
1.2650000000000001        -0.2                     0.11000000000000021
1.2650000000000001        0.2                      0.3300000000000002
1.2650000000000001        0.2                      -0.55
1.2650000000000001        0.2                      -0.3299999999999998
1.2650000000000001        1.1275702593849246E-17   -0.55
1.2650000000000001        0.2                      -0.1099999999999998
1.2650000000000001        0                        -0.32999999999999985
1.2650000000000001        -0.2                     -0.55
1.2650000000000001        -0.20000000000000004     -0.3299999999999999
1.2650000000000001        0.2                      0.1100000000000002
1.2650000000000001        0                        -0.10999999999999983
1.2650000000000001        -0.2                     -0.1099999999999998
1.2650000000000001        0                        0.11000000000000021
-0.5654499999999998       -0.6                     0.55
-0.7041899999999998       -0.6                     0.55
-0.5654499999999998       -0.5999999999999999      0.33000000000000007
-1.1204099999999997       -0.6                     0.55
-1.1173279999999997       -0.6                     0.32999999999999996
-0.9816699999999996       -0.6                     0.5499999999999999
-1.2591499999999998       -0.6                     0.55
-1.2443199999999996       -0.6                     0.32999999999999996
-1.265                    -0.6                     0.32999999999999996
-1.265                    -0.6                     0.55
-1.2294899999999997       -0.6                     0.10999999999999988
-1.265                    -0.6                     0.10999999999999993
-1.2146599999999999       -0.6                     -0.10999999999999995
-1.19983                  -0.6                     -0.32999999999999996
-1.1080819999999996       -0.6                     -0.33000000000000007
-1.1049999999999995       -0.5999999999999998      -0.5500000000000002
-1.1849999999999998       -0.6                     -0.5500000000000002
-0.7363519999999997       -0.6                     0.32999999999999996
-0.8429299999999997       -0.6                     0.55
-0.5654499999999998       -0.5999999999999999      0.11000000000000017
-0.8633439999999997       -0.6                     0.33000000000000007
-0.9903359999999998       -0.6                     0.32999999999999985
-0.7685139999999997       -0.6                     0.11000000000000021
-0.5654499999999998       -0.6                     -0.10999999999999995
-1.016334                 -0.6                     -0.33000000000000007
-0.8649999999999998       -0.6                     -0.5500000000000002
-0.5654499999999998       -0.6                     -0.5500000000000002
-0.8328379999999997       -0.6                     -0.32999999999999996
-1.0250000000000001       -0.6                     -0.5500000000000003
-0.9245859999999999       -0.6                     -0.33000000000000007
-0.9449999999999997       -0.6                     -0.5500000000000002
-0.5654499999999998       -0.5999999999999999      -0.32999999999999996
-0.8006759999999997       -0.6                     -0.10999999999999995
-1.1142459999999998       -0.6                     0.11000000000000007
-1.1111639999999996       -0.6                     -0.11000000000000007
-0.9041719999999998       -0.6                     -0.10999999999999995
-1.007668                 -0.6                     -0.10999999999999995
-0.9990020000000001       -0.6                     0.10999999999999995
-0.8837579999999997       -0.6                     0.11000000000000014
-1.265                    -0.6                     -0.11000000000000008
-1.265                    -0.6                     -0.3300000000000002
-1.265                    -0.6                     -0.5500000000000002
-1.1850000000000005       -0.3600000000000003      -0.5500000000000002
-1.1049999999999995       -0.3599999999999997      -0.5500000000000002
-1.025                    -0.35999999999999993     -0.5500000000000002
-0.8649999999999998       -0.36                    -0.5500000000000002
-0.9449999999999997       -0.35999999999999993     -0.5500000000000002
-0.8649999999999998       -0.12                    -0.5500000000000002
-0.9449999999999997       -0.12000000000000002     -0.5500000000000002
-1.0250000000000008       -0.12000000000000013     -0.5500000000000002
-1.1049999999999995       -0.12000000000000002     -0.5500000000000002
-1.265                    -0.36                    -0.5500000000000002
-1.185                    -0.12000000000000002     -0.5500000000000002
-0.8649999999999998       0.12000000000000001      -0.5500000000000002
-0.9449999999999997       0.12000000000000002      -0.5500000000000002
-1.0250000000000008       0.11999999999999991      -0.5500000000000002
-0.8649999999999998       0.36                     -0.5500000000000002
-0.9449999999999998       0.6                      -0.5500000000000002
-0.8649999999999999       0.6                      -0.5500000000000002
-0.9449999999999997       0.36                     -0.5500000000000002
-1.0250000000000008       0.35999999999999993      -0.5500000000000002
-1.105                    0.12000000000000006      -0.5500000000000002
-1.265                    -0.12000000000000002     -0.5500000000000002
-1.1850000000000005       0.11999999999999983      -0.5500000000000002
-1.105                    0.36000000000000004      -0.5500000000000002
-1.025                    0.6                      -0.5500000000000002
-1.265                    0.11999999999999991      -0.5500000000000002
-1.185                    0.35999999999999993      -0.5500000000000002
-1.105                    0.6                      -0.5500000000000002
-1.265                    0.35999999999999993      -0.5500000000000002
-1.185                    0.6                      -0.5500000000000002
-1.265                    0.6                      -0.5500000000000002
-0.5131799999999999       0.6                      0.55
-0.5131799999999997       0.5999999999999999       0.32999999999999996
-0.6623739999999999       0.6                      0.55
-0.7028991999999993       0.6                      0.32999999999999996
-0.811568                 0.6                      0.55
-0.5131799999999997       0.6                      0.10999999999999995
-0.8382543999999995       0.6                      0.32999999999999996
-0.960762                 0.6000000000000001       0.5500000000000002
-0.9736096000000004       0.6                      0.33000000000000024
-0.7434243999999998       0.6                      0.11000000000000021
-0.5131799999999996       0.5999999999999999       -0.11000000000000017
-0.5131799999999997       0.5999999999999999       -0.33000000000000007
-0.5131799999999999       0.6                      -0.5500000000000002
-0.8244747999999996       0.6                      -0.32999999999999996
-0.7839495999999998       0.6                      -0.11000000000000021
-0.8649407999999997       0.6                      0.10999999999999983
-0.9864571999999998       0.6                      0.11000000000000007
-1.109956                 0.6                      0.55
-1.1089648000000007       0.6                      0.32999999999999996
-1.25915                  0.6                      0.55
-1.1079736000000002       0.6                      0.1099999999999996
-1.2443199999999999       0.6                      0.33000000000000007
-1.265                    0.6                      0.55
-0.9183135999999997       0.6                      -0.33000000000000007
-0.8916271999999996       0.6                      -0.11000000000000007
-0.9993047999999999       0.6                      -0.10999999999999995
-1.1069824000000001       0.6                      -0.11000000000000007
-1.2294900000000004       0.6                      0.10999999999999971
-1.265                    0.6                      0.33000000000000007
-1.0121524                0.6                      -0.33000000000000007
-1.1059912                0.6                      -0.33
-1.2146599999999999       0.6                      -0.11000000000000001
-1.265                    0.6                      0.10999999999999997
-1.1998300000000002       0.6                      -0.32999999999999996
-1.265                    0.6                      -0.11000000000000006
-1.265                    0.6                      -0.33000000000000007
1.2650000000000001        0.6                      -0.55
1.1650000000000007        0.6000000000000001       -0.55
1.2650000000000001        0.6                      -0.32999999999999996
1.1838300000000006        0.6                      -0.32999999999999985
1.2650000000000001        0.6                      -0.10999999999999993
1.2026600000000005        0.6                      -0.11000000000000007
1.2650000000000001        0.6                      0.11000000000000008
1.2650000000000001        0.6                      0.3300000000000002
1.2403200000000005        0.6                      0.33000000000000024
1.2650000000000001        0.6                      0.5500000000000002
1.2591500000000002        0.6                      0.5500000000000002
1.2214900000000006        0.6                      0.11000000000000021
1.0650000000000002        0.5999999999999999       -0.55
1.0739912                 0.6                      -0.32999999999999996
1.109956                  0.6                      0.5500000000000002
1.1009648                 0.6                      0.32999999999999996
0.9607620000000001        0.6                      0.5500000000000002
0.9616096000000004        0.6                      0.33000000000000007
0.9650000000000003        0.5999999999999999       -0.5499999999999999
1.0829824000000001        0.6                      -0.11000000000000007
1.0919736                 0.6                      0.10999999999999995
0.8115680000000002        0.6                      0.5500000000000002
0.9641524000000004        0.6                      -0.32999999999999985
0.8222544000000003        0.6                      0.33000000000000007
0.9633048000000004        0.6                      -0.10999999999999988
0.9624572000000001        0.6                      0.11000000000000007
0.8543136000000002        0.6                      -0.3299999999999999
0.8436272000000002        0.6                      -0.11000000000000001
0.8329408000000003        0.6                      0.10999999999999995
0.8650000000000003        0.6                      -0.55
0.6623740000000002        0.6000000000000001       0.5500000000000003
0.6890900000000003        0.6                      -0.55
0.6837468000000004        0.6                      -0.32999999999999985
0.6677172000000002        0.6                      0.33000000000000007
0.6784036000000003        0.6                      -0.10999999999999995
0.6730604000000002        0.6                      0.11000000000000021
0.5131800000000002        0.6                      0.5500000000000002
0.5131799999999999        0.5999999999999999       0.33000000000000007
0.51318                   0.5999999999999999       0.11000000000000017
0.5131800000000001        0.6                      -0.10999999999999995
0.51318                   0.5999999999999999       -0.32999999999999996
0.5131800000000002        0.6                      -0.55
1.2650000000000001        -0.6                     0.11000000000000006
1.2650000000000001        -0.6                     0.33000000000000007
1.2214900000000002        -0.6                     0.10999999999999995
1.2650000000000001        -0.6                     0.5500000000000002
1.2403200000000005        -0.6                     0.33000000000000007
1.2591500000000009        -0.6                     0.5500000000000002
1.0857250000000007        -0.6000000000000001      0.5500000000000003
1.0815800000000007        -0.6                     0.33
1.0774349999999997        -0.6                     0.10999999999999995
1.2650000000000001        -0.6                     -0.55
1.2650000000000001        -0.6                     -0.33000000000000007
1.1650000000000007        -0.6000000000000001      -0.55
1.2650000000000001        -0.6                     -0.10999999999999997
1.1838300000000008        -0.6                     -0.33000000000000024
1.2026600000000007        -0.6                     -0.10999999999999995
1.069145                  -0.6                     -0.33000000000000007
1.0650000000000002        -0.5999999999999999      -0.55
1.0732899999999996        -0.6                     -0.10999999999999995
0.9228400000000001        -0.6                     0.32999999999999996
0.9123000000000006        -0.6                     0.5500000000000002
0.7641                    -0.6                     0.32999999999999996
0.7388750000000004        -0.6                     0.5500000000000003
0.9333800000000007        -0.6                     0.11000000000000007
0.9439200000000004        -0.6                     -0.11000000000000007
0.9544600000000004        -0.6                     -0.32999999999999974
0.9650000000000003        -0.5999999999999999      -0.5499999999999999
0.8145500000000006        -0.6                     -0.11000000000000021
0.5654500000000003        -0.6                     0.5500000000000002
0.7893250000000002        -0.6                     0.10999999999999983
0.5654500000000002        -0.5999999999999999      0.32999999999999996
0.8397750000000007        -0.6                     -0.33000000000000024
0.8650000000000003        -0.6                     -0.55
0.5654500000000003        -0.5999999999999999      -0.11000000000000017
0.5654500000000003        -0.6                     0.10999999999999995
0.5654500000000003        -0.5999999999999999      -0.33000000000000007
0.5654500000000003        -0.6                     -0.55
1.1650000000000007        0.3900000000000001       -0.55
1.2650000000000003        0.4                      -0.55
1.2650000000000001        0.2                      -0.55
1.0650000000000002        0.3799999999999999       -0.55
0.9650000000000004        0.3699999999999999       -0.55
1.2650000000000001        -0.2                     -0.55
1.1650000000000007        -0.23999999999999966     -0.55
1.2650000000000001        1.1275702593849246E-17   -0.55
1.1650000000000007        0.18000000000000016      -0.55
1.0650000000000002        0.1599999999999999       -0.55
1.1650000000000007        -0.02999999999999974     -0.55
1.0650000000000002        -0.2800000000000002      -0.55
1.0650000000000002        -0.06000000000000007     -0.55
0.9650000000000004        0.14000000000000004      -0.55
0.8650000000000003        0.36                     -0.5499999999999998
0.9650000000000004        -0.3199999999999999      -0.55
0.8650000000000003        -0.36                    -0.5499999999999998
0.9650000000000004        -0.08999999999999993     -0.55
0.8650000000000002        0.12                     -0.5499999999999998
0.8650000000000002        -0.12000000000000001     -0.5499999999999998
1.2650000000000001        -0.2                     0.5500000000000002
1.2650000000000001        -0.19999999999999998     0.3300000000000001
1.2650000000000001        -0.2                     0.11000000000000021
1.2650000000000001        -0.20000000000000004     -0.3299999999999999
1.2650000000000001        -0.2                     -0.1099999999999998
1.2650000000000001        0.4                      0.33000000000000024
1.265                     0.39999999999999997      0.5500000000000002
1.2650000000000001        0.4                      -0.32999999999999985
1.2650000000000001        0.4                      0.11000000000000029
1.2650000000000001        0.3999999999999999       -0.10999999999999988
1.2650000000000001        0.2                      0.5500000000000002
1.2650000000000001        0.2                      0.3300000000000002
1.2650000000000001        0.2                      0.1100000000000002
1.2650000000000001        0.2                      -0.1099999999999998
1.2650000000000001        0.2                      -0.3299999999999998
-1.2591499999999998       -0.6                     0.55
-1.25915                  -0.36                    0.5499999999999998
-1.265                    -0.6                     0.55
-1.265                    -0.35999999999999993     0.55
-1.265                    0.12000000000000002      0.55
-1.265                    -0.11999999999999991     0.55
-1.2591499999999998       0.12                     0.5499999999999998
-1.2591499999999998       -0.12000000000000001     0.5499999999999998
-1.2591499999999998       0.36                     0.5499999999999998
-1.25915                  0.6                      0.55
-1.265                    0.36                     0.55
-1.265                    0.6                      0.55
1.2650000000000001        -0.6                     0.5500000000000002
1.2650000000000001        -0.2                     0.5500000000000002
1.2591500000000009        -0.6                     0.5500000000000002
1.2591500000000002        -0.36                    0.5500000000000002
1.2591500000000002        0.6                      0.5500000000000002
1.2591500000000002        0.36                     0.5500000000000002
1.2650000000000001        0.6                      0.5500000000000002
1.2591500000000002        -0.12                    0.5500000000000002
1.2650000000000001        -1.1275702593849246E-17  0.5500000000000002
1.2591500000000002        0.12000000000000001      0.5500000000000002
1.2650000000000001        0.2                      0.5500000000000002
1.265                     0.39999999999999997      0.5500000000000002
-0.5131799999999999       0.6                      0.55
-0.5236339999999995       0.3600000000000003       0.55
-0.43875000000000003      0.6                      0.55
-0.43874999999999975      -0.6                     0.55
-0.4387499999999998       -0.36                    0.5500000000000002
-0.5654499999999998       -0.6                     0.55
-0.4387499999999998       0.36                     0.55
-0.4387499999999998       0.12                     0.55
-0.5340879999999998       0.12000000000000002      0.55
-0.4387499999999998       -0.12000000000000001     0.55
-0.5445419999999999       -0.11999999999999998     0.55
-0.5549959999999998       -0.36                    0.55
-0.7041899999999998       -0.6                     0.55
-0.6958267999999997       -0.36                    0.55
-0.8429299999999997       -0.6                     0.55
-0.6874635999999996       -0.12000000000000002     0.55
-0.6623739999999999       0.6                      0.55
-0.6707371999999998       0.35999999999999993      0.55
-0.811568                 0.6                      0.55
-0.8178403999999998       0.35999999999999993      0.55
-0.6791003999999997       0.12000000000000013      0.55
-1.25915                  -0.36                    0.5499999999999998
-1.2591499999999998       -0.6                     0.55
-1.1183192                -0.35999999999999993     0.55
-1.1204099999999997       -0.6                     0.55
-0.8366575999999999       -0.36                    0.55
-0.9816699999999996       -0.6                     0.5499999999999999
-0.9774883999999999       -0.35999999999999993     0.55
-1.1162283999999996       -0.12000000000000002     0.55
-1.2591499999999998       0.12                     0.5499999999999998
-1.2591499999999998       -0.12000000000000001     0.5499999999999998
-1.1141375999999998       0.12000000000000013      0.55
-0.8241128                0.1200000000000004       0.55
-0.9691251999999998       0.12000000000000013      0.55
-0.8303851999999998       -0.12000000000000002     0.55
-0.9733067999999998       -0.12000000000000002     0.55
-0.9649435999999997       0.35999999999999993      0.55
-0.960762                 0.6000000000000001       0.5500000000000002
-1.2591499999999998       0.36                     0.5499999999999998
-1.1120468                0.35999999999999993      0.55
-1.109956                 0.6                      0.55
-1.25915                  0.6                      0.55
1.2591500000000009        -0.6                     0.5500000000000002
1.2591500000000002        -0.36                    0.5500000000000002
1.0857250000000007        -0.6000000000000001      0.5500000000000003
1.2591500000000002        -0.12                    0.5500000000000002
1.0905711999999999        -0.36                    0.5500000000000002
1.2591500000000002        0.36                     0.5500000000000002
1.2591500000000002        0.6                      0.5500000000000002
1.1051098000000001        0.3599999999999997       0.5500000000000002
1.109956                  0.6                      0.5500000000000002
0.9123000000000006        -0.6                     0.5500000000000002
0.9219924000000008        -0.36                    0.5500000000000002
0.7388750000000004        -0.6                     0.5500000000000003
0.7534136000000001        -0.36                    0.5500000000000002
1.2591500000000002        0.12000000000000001      0.5500000000000002
1.0954174000000008        -0.12000000000000002     0.5500000000000002
1.100263600000001         0.12000000000000013      0.5500000000000002
0.9413772000000004        0.1200000000000004       0.5500000000000002
0.9316848000000005        -0.12000000000000002     0.5500000000000002
0.7679522000000002        -0.11999999999999991     0.5500000000000002
0.9510696000000004        0.35999999999999993      0.5500000000000002
0.9607620000000001        0.6                      0.5500000000000002
0.7824908000000003        0.12000000000000013      0.5500000000000002
0.7970293999999999        0.35999999999999993      0.5500000000000002
0.8115680000000002        0.6                      0.5500000000000002
0.5848347999999999        -0.36                    0.5500000000000002
0.5654500000000003        -0.6                     0.5500000000000002
0.5021000000000003        -0.6000000000000001      0.5500000000000003
0.5043160000000008        -0.35999999999999993     0.5500000000000002
0.43875000000000025       -0.6                     0.5500000000000002
0.6042196000000003        -0.12000000000000002     0.5500000000000002
0.5065320000000001        -0.12000000000000002     0.5500000000000002
0.6429892000000004        0.35999999999999993      0.5500000000000002
0.6623740000000002        0.6000000000000001       0.5500000000000003
0.6236044000000002        0.12000000000000013      0.5500000000000002
0.5087480000000002        0.12000000000000013      0.5500000000000002
0.5109640000000005        0.36000000000000004      0.5500000000000002
0.5131800000000002        0.6                      0.5500000000000002
0.43875000000000014       -0.36                    0.55
0.43875000000000014       -0.12                    0.55
0.43875000000000014       0.12000000000000001      0.55
0.43875000000000014       0.36                     0.5500000000000002
0.43875000000000003       0.6                      0.5500000000000002
-0.49999999999999917      -6.705                   0.05000000000000076
-0.4999999999999992       -5.939999999999999       0.05000000000000066
-0.49999999999999917      -6.705                   -0.04999999999999924
-0.4999999999999992       -5.939999999999999       -0.04999999999999934
-0.49999999999999944      -4.646666666666666       0.050000000000000516
-0.4999999999999995       -4.6466666666666665      -0.0499999999999995
-0.49999999999999956      -3.353333333333333       0.05000000000000035
-0.49999999999999956      -3.3533333333333326      -0.04999999999999965
-0.4999999999999997       -2.06                    0.05000000000000019
-0.4999999999999997       -2.06                    -0.04999999999999981
-0.49999999999999983      -1.295                   0.05000000000000009
-0.49999999999999983      -1.295                   -0.049999999999999906
0.5000000000000008        -6.705                   -0.04999999999999912
0.5000000000000008        -6.705                   0.05000000000000088
0.5000000000000002        -1.295                   0.05000000000000022
0.5000000000000002        -1.295                   -0.04999999999999978
-0.5000000000000002       1.295                    0.04999999999999978
-0.5000000000000002       2.060000000000001        0.049999999999999684
-0.5000000000000002       1.295                    -0.05000000000000022
-0.5000000000000002       2.06                     -0.050000000000000315
-0.5000000000000004       3.3533333333333344       0.04999999999999954
-0.5000000000000003       3.3533333333333326       -0.05000000000000046
-0.5000000000000007       4.6466666666666665       0.04999999999999938
-0.5000000000000007       4.6466666666666665       -0.05000000000000063
-0.5000000000000007       5.939999999999999        0.04999999999999922
-0.5000000000000007       5.939999999999999        -0.05000000000000078
-0.5000000000000008       6.705                    0.04999999999999912
-0.5000000000000008       6.705                    -0.05000000000000088
0.49999999999999983       1.295                    -0.05000000000000009
0.49999999999999983       1.295                    0.049999999999999906
0.49999999999999917       6.705                    0.04999999999999924
0.49999999999999917       6.705                    -0.05000000000000076
0.5000000000000007        -5.939999999999999       0.05000000000000078
0.5000000000000007        -5.939999999999999       -0.04999999999999922
0.5000000000000007        -4.6466666666666665      0.05000000000000063
0.5000000000000007        -4.6466666666666665      -0.04999999999999938
0.5000000000000003        -3.3533333333333326      0.05000000000000046
0.5000000000000004        -3.3533333333333344      -0.04999999999999954
0.5000000000000002        -2.06                    0.050000000000000315
0.5000000000000002        -2.060000000000001       -0.049999999999999684
0.4999999999999997        2.06                     0.04999999999999981
0.4999999999999997        2.06                     -0.05000000000000019
0.49999999999999956       3.3533333333333326       0.04999999999999965
0.49999999999999956       3.3533333333333326       -0.050000000000000336
0.4999999999999995        4.6466666666666665       0.0499999999999995
0.4999999999999995        4.6466666666666665       -0.050000000000000516
0.4999999999999992        5.939999999999999        0.04999999999999934
0.4999999999999992        5.939999999999999        -0.05000000000000066
0.5000000000000008        -6.705                   -0.04999999999999912
-0.49999999999999917      -6.705                   -0.04999999999999924
0.5000000000000007        -5.939999999999999       -0.04999999999999922
-0.4999999999999992       -5.939999999999999       -0.04999999999999934
0.5000000000000008        -6.705                   0.05000000000000088
0.5000000000000007        -5.939999999999999       0.05000000000000078
-0.49999999999999917      -6.705                   0.05000000000000076
-0.4999999999999992       -5.939999999999999       0.05000000000000066
-0.49999999999999983      -1.295                   -0.049999999999999906
0.5000000000000002        -1.295                   -0.04999999999999978
-0.4999999999999997       -2.06                    -0.04999999999999981
0.5000000000000002        -2.060000000000001       -0.049999999999999684
0.5000000000000002        -2.06                    0.050000000000000315
0.5000000000000002        -1.295                   0.05000000000000022
-0.4999999999999997       -2.06                    0.05000000000000019
-0.49999999999999983      -1.295                   0.05000000000000009
0.49999999999999983       1.295                    -0.05000000000000009
-0.5000000000000002       1.295                    -0.05000000000000022
0.4999999999999997        2.06                     -0.05000000000000019
-0.5000000000000002       2.06                     -0.050000000000000315
0.49999999999999983       1.295                    0.049999999999999906
0.4999999999999997        2.06                     0.04999999999999981
-0.5000000000000002       1.295                    0.04999999999999978
-0.5000000000000002       2.060000000000001        0.049999999999999684
0.4999999999999992        5.939999999999999        -0.05000000000000066
-0.5000000000000007       5.939999999999999        -0.05000000000000078
0.49999999999999917       6.705                    -0.05000000000000076
-0.5000000000000008       6.705                    -0.05000000000000088
0.4999999999999992        5.939999999999999        0.04999999999999934
0.49999999999999917       6.705                    0.04999999999999924
-0.5000000000000007       5.939999999999999        0.04999999999999922
-0.5000000000000008       6.705                    0.04999999999999912
0.5000000000000007        -5.939999999999999       -0.04999999999999922
-0.4999999999999992       -5.939999999999999       -0.04999999999999934
0.5000000000000007        -4.6466666666666665      -0.04999999999999938
-0.4999999999999995       -4.6466666666666665      -0.0499999999999995
0.5000000000000004        -3.3533333333333344      -0.04999999999999954
-0.49999999999999956      -3.3533333333333326      -0.04999999999999965
-0.4999999999999997       -2.06                    -0.04999999999999981
0.5000000000000002        -2.060000000000001       -0.049999999999999684
0.5000000000000007        -5.939999999999999       0.05000000000000078
0.5000000000000007        -4.6466666666666665      0.05000000000000063
-0.4999999999999992       -5.939999999999999       0.05000000000000066
-0.49999999999999944      -4.646666666666666       0.050000000000000516
0.5000000000000003        -3.3533333333333326      0.05000000000000046
-0.49999999999999956      -3.353333333333333       0.05000000000000035
0.5000000000000002        -2.06                    0.050000000000000315
-0.4999999999999997       -2.06                    0.05000000000000019
0.4999999999999997        2.06                     -0.05000000000000019
-0.5000000000000002       2.06                     -0.050000000000000315
0.49999999999999956       3.3533333333333326       -0.050000000000000336
-0.5000000000000003       3.3533333333333326       -0.05000000000000046
0.4999999999999995        4.6466666666666665       -0.050000000000000516
-0.5000000000000007       4.6466666666666665       -0.05000000000000063
0.4999999999999992        5.939999999999999        -0.05000000000000066
-0.5000000000000007       5.939999999999999        -0.05000000000000078
0.4999999999999997        2.06                     0.04999999999999981
0.49999999999999956       3.3533333333333326       0.04999999999999965
-0.5000000000000002       2.060000000000001        0.049999999999999684
-0.5000000000000004       3.3533333333333344       0.04999999999999954
0.4999999999999995        4.6466666666666665       0.0499999999999995
-0.5000000000000007       4.6466666666666665       0.04999999999999938
0.4999999999999992        5.939999999999999        0.04999999999999934
-0.5000000000000007       5.939999999999999        0.04999999999999922
% Elements (triangles)
1          2         3
2          4         5
5          3         2
3          5         6
7          6         5
6          7         8
4          9         10
10         5         4
5          10        7
11         10        9
9          12        11
13         8         7
8          13        14
15         7         10
7          15        13
10         11        15
16         14        13
14         16        17
18         15        11
19         11        12
11         19        18
12         20        19
21         17        16
22         13        15
13         22        16
15         18        22
23         16        22
16         23        21
24         22        18
22         24        23
25         18        19
18         25        24
26         19        20
19         26        25
27         21        23
28         23        24
23         28        27
29         24        25
24         29        28
30         25        26
25         30        29
31         27        28
32         28        29
28         32        31
33         29        30
29         33        32
34         31        32
35         32        33
32         35        34
36         34        35
37         38        39
40         39        38
41         42        37
38         37        42
40         38        43
44         45        46
47         48        44
45         44        48
46         49        41
42         41        49
49         46        45
50         43        38
38         42        50
51         50        42
42         49        51
43         50        52
53         52        50
50         51        53
45         48        54
55         54        48
56         51        49
49         45        56
54         56        45
57         58        55
54         55        58
59         53        51
51         56        59
60         59        56
56         54        60
58         60        54
52         53        61
62         61        53
53         59        62
63         62        59
59         60        63
64         65        66
67         68        57
58         57        68
69         70        67
68         67        70
66         70        64
69         64        70
71         63        60
60         58        71
68         71        58
62         63        72
61         62        73
72         73        62
74         66        65
75         72        63
63         71        75
66         74        76
77         75        71
77         76        75
71         68        77
76         77        66
70         77        68
70         66        77
78         76        74
75         79        72
79         75        76
76         78        79
72         80        73
80         72        79
81         73        80
79         82        80
82         79        78
83         81        84
80         84        81
84         80        82
85         86        87
88         87        86
89         87        88
90         85        91
87         91        85
87         89        92
92         89        93
87         92        91
94         90        95
91         95        90
94         95        96
97         96        95
55         48        97
96         97        48
91         92        98
91         98        95
99         100       93
99         101       100
102        92        93
102        93        100
92         102       98
103        100       101
104        95        98
95         104       97
105        97        104
97         105       55
106        98        102
98         106       104
57         55        105
105        107       57
67         57        107
67         107       69
100        108       102
109        108       103
100        103       108
106        102       108
110        69        107
111        104       106
104        111       105
107        105       111
107        111       110
108        112       106
113        112       109
108        109       112
111        106       112
112        110       111
112        113       110
64         69        114
114        110       113
110        114       69
115        116       117
118        117       116
119        120       115
119        121       120
116        115       120
121        122       123
123        120       121
122        43        124
52         124       43
124        123       122
125        118       126
116        126       118
116        120       126
125        126       127
61         128       52
124        52        128
120        123       129
129        126       120
128        130       124
123        124       130
130        129       123
131        127       126
127        131       132
133        132       131
61         73        128
129        134       126
131        126       134
131        134       133
128        135       130
135        128       73
130        136       129
136        130       135
134        129       136
137        133       134
73         81        135
136        138       134
137        134       138
139        135       81
135        139       136
138        136       139
89         140       93
141        118       142
125        142       118
140        143       144
144        93        140
93         144       99
145        99        144
143        146       147
147        144       143
144        147       145
146        141       148
142        148       141
148        142       149
148        147       146
127        150       125
142        125       150
150        149       142
149        151       148
147        148       151
151        145       147
152        153       154
154        155       156
155        154       153
153        157       155
158        156       155
159        160       161
160        162       163
163        161       160
161        163       164
165        164       163
162        166       167
168        165       167
167        163       162
163        167       165
166        158       169
155        169       158
169        155       157
157        168       169
169        167       166
167        169       168
170        171       172
173        174       175
173        176       174
177        174       176
178        177       179
176        179       177
177        178       180
181        180       178
180        181       182
183        184       182
184        183       185
186        185       183
187        172       171
171        188       187
172        187       189
190        187       188
175        191       188
190        188       191
191        175       174
189        192       193
192        189       187
187        190       192
184        185       194
195        196       197
194        198       199
198        194       185
195        197       200
199        200       197
200        199       198
201        197       196
197        201       202
193        202       201
197        202       199
202        193       192
174        203       191
174        177       203
180        203       177
204        182       184
203        180       204
182        204       180
205        199       202
199        205       194
206        194       205
194        206       184
204        184       206
206        207       204
191        207       190
207        191       203
203        204       207
192        208       202
205        202       208
205        208       206
208        192       190
208        190       207
207        206       208
209        182       181
182        209       183
210        183       209
183        210       186
211        186       210
186        211       212
185        186       213
212        213       186
198        185       214
213        214       185
195        200       215
216        215       200
200        198       216
214        216       198
215        216       217
218        217       216
216        214       218
219        218       214
214        213       219
220        219       213
213        212       220
221        212       211
222        220       212
212        221       222
217        218       223
224        223       218
218        219       224
225        224       219
219        220       225
223        224       226
227        228       229
226        229       228
229        226       224
224        225       229
229        230       227
230        229       225
231        225       220
220        222       231
225        231       230
232        222       221
233        231       222
222        232       233
234        230       231
231        233       234
235        227       230
230        234       235
236        233       232
237        234       233
233        236       237
238        235       234
234        237       238
239        237       236
240        238       237
237        239       240
241        240       239
242        243       244
245        244       243
244        245       246
243        247       245
248        246       245
246        248       249
250        249       248
251        245       247
245        251       248
247        252       251
253        254       255
228        255       254
252        253       256
255        256       253
256        251       252
248        257       250
257        248       251
251        256       257
258        250       257
259        249       260
259        260       261
250        260       249
260        250       262
258        262       250
263        261       260
260        262       263
261        263       264
227        265       228
255        228       265
265        266       255
266        257       256
256        255       266
258        257       267
266        267       257
262        258       268
267        268       258
269        263       262
262        268       269
270        264       263
263        269       270
267        266       271
265        271       266
271        265       235
227        235       265
268        267       272
271        272       267
273        269       268
268        272       273
274        270       269
269        273       274
272        271       238
235        238       271
275        273       272
272        238       275
276        274       273
273        275       276
240        275       238
277        276       275
275        240       277
241        277       240
278        279       280
281        280       279
280        281       282
282        283       284
283        282       281
285        286       287
288        287       286
284        289       285
289        284       283
286        285       289
279        290       281
281        291       283
291        281       290
292        288       293
286        293       288
294        292       295
293        295       292
290        296       291
283        297       289
297        283       291
289        298       286
298        289       297
293        286       298
294        295       299
291        300       297
300        291       296
301        299       295
297        302       298
302        297       300
298        303       293
303        298       302
295        293       303
295        303       301
300        296       304
302        300       305
304        305       300
303        302       306
305        306       302
306        301       303
307        304       296
299        301       308
309        310       307
304        307       310
311        308       301
301        306       311
310        312       304
305        304       312
312        313       305
306        305       313
313        311       306
314        308       315
311        315       308
313        316       311
315        311       316
312        317       313
316        313       317
310        318       312
317        312       318
309        319       310
318        310       319
320        321       322
321        323       324
325        324       323
324        322       321
326        327       325
324        325       327
322        324       328
327        328       324
329        330       331
330        332       333
333        331       330
332        320       334
334        333       332
322        334       320
333        334       335
331        333       336
335        336       333
334        322       337
337        335       334
328        337       322
327        326       338
339        338       326
338        339       340
341        340       339
328        327       342
328        342       337
338        342       327
337        343       335
343        337       342
344        335       343
335        344       336
345        336       344
343        342       346
343        346       344
341        347       340
342        338       348
348        346       342
340        348       338
349        340       347
340        349       348
344        350       345
351        345       350
350        344       346
346        352       350
352        346       353
353        348       349
348        353       346
354        350       352
350        354       351
355        351       354
279        278       356
357        356       278
357        358       356
356        359       279
290        279       359
359        360       290
296        290       360
329        331       361
362        361       331
358        363       364
364        356       358
356        364       359
359        365       360
365        359       364
361        362       366
366        363       361
363        366       364
364        366       365
336        367       331
367        362       331
362        367       368
366        368       365
368        366       362
369        360       365
365        368       369
307        296       370
360        370       296
360        369       370
345        371       336
371        367       336
372        371       345
351        372       345
367        371       373
368        373       369
373        368       367
374        370       369
369        373       374
371        372       375
373        375       374
375        373       371
323        321       376
377        376       321
321        320       377
378        377       320
320        332       378
330        329       379
380        378       332
379        380       330
332        330       380
361        379       329
278        280       357
285        287       381
382        381       287
280        282       383
383        357       280
357        383       358
284        285       384
381        384       285
282        284       385
384        385       284
385        383       282
386        387       382
381        382       387
387        388       381
384        381       388
388        389       384
385        384       389
389        390       385
383        385       390
390        358       383
391        392       393
394        393       392
395        396       397
398        397       396
392        398       394
396        394       398
397        399       395
399        400       401
401        395       399
402        401       400
403        404       405
406        405       404
407        408       409
410        406       411
404        411       406
412        410       413
411        413       410
414        409       408
408        412       414
413        414       412
415        416       417
418        419       420
421        417       416
422        421       423
416        423       421
424        422       425
423        425       422
419        424       426
425        426       424
426        420       419
420        426       427
427        428       429
426        425       428
428        427       426
425        423       430
430        428       425
431        432       415
416        415       432
433        434       431
432        431       434
432        435       416
423        416       435
435        430       423
436        437       438
439        438       437
429        440       441
428        430       440
440        429       428
438        439       442
441        442       439
442        441       440
438        443       436
444        445       446
443        446       445
445        436       443
434        447       432
435        432       447
446        443       448
447        434       448
447        449       435
430        435       449
449        440       430
440        449       442
448        450       447
450        448       443
443        438       450
449        447       450
450        442       449
442        450       438
434        433       451
451        448       434
448        451       446
452        451       433
453        444       454
451        452       454
454        446       451
446        454       444
455        454       452
454        455       453
456        453       455
457        458       459
458        460       461
461        459       458
462        463       464
465        464       463
459        461       466
467        466       461
466        467       468
469        468       467
460        470       471
471        461       460
461        471       467
470        462       472
472        471       470
464        472       462
472        464       473
471        472       474
474        467       471
467        474       469
473        474       472
474        473       475
475        469       474
464        465       476
477        476       465
476        473       464
473        476       478
478        475       473
476        477       479
479        478       476
480        479       477
469        475       481
468        469       482
481        482       469
482        481       483
484        483       481
483        484       485
475        478       486
486        481       475
481        486       484
487        484       486
479        480       488
489        488       480
478        479       490
490        486       478
486        490       487
488        490       479
490        488       491
491        487       490
488        489       492
492        491       488
493        492       489
494        485       484
484        487       494
495        494       487
487        491       495
496        495       491
491        492       496
492        493       497
497        496       492
498        497       493
499        500       501
502        501       500
500        503       502
504        502       503
503        505       504
506        504       505
505        507       506
508        506       507
507        509       508
510        508       509
511        512       501
499        501       512
509        513       510
514        510       513
515        516       517
518        517       516
516        519       518
520        518       519
519        521       520
522        520       521
521        523       522
524        522       523
523        525       524
526        524       525
527        528       517
515        517       528
525        529       526
530        526       529
512        511       531
532        531       511
531        532       533
534        533       532
533        534       535
536        535       534
535        536       537
538        537       536
537        538       513
514        513       538
528        527       539
540        539       527
539        540       541
542        541       540
541        542       543
544        543       542
543        544       545
546        545       544
545        546       529
530        529       546
547        548       549
550        549       548
551        552       553
554        553       552
555        556       557
558        557       556
559        560       561
562        561       560
563        564       565
566        565       564
567        568       569
570        569       568
571        572       573
574        573       572
575        576       577
578        577       576
579        580       581
582        581       580
581        582       583
584        583       582
585        586       584
583        584       586
587        588       589
590        589       588
588        591       590
592        590       591
591        593       592
594        592       593
595        596       597
598        597       596
597        598       599
600        599       598
599        600       601
602        601       600
603        604       605
606        605       604
604        607       606
608        606       607
607        609       608
610        608       609
% Data (material.boundary @ t=0)
0
0
0
0
0
0
0
0
0
0
0
0
0
0
0
0
0
0
0
0
0
0
0
0
0
0
0
0
0
0
0
0
0
0
0
0
0
0
0
0
0
0
0
0
0
0
0
0
0
0
0
0
0
0
0
0
0
0
0
0
0
0
0
0
0
0
0
0
0
0
0
0
0
0
0
0
0
0
0
0
0
0
0
0
0
0
0
0
0
0
0
0
0
0
0
0
0
0
0
0
0
0
0
0
0
0
0
0
0
0
0
0
0
0
0
0
0
0
0
0
0
0
0
0
0
0
0
0
0
0
0
0
0
0
0
0
0
0
0
0
0
0
0
0
0
0
0
0
0
0
0
0
0
0
0
0
0
0
0
0
0
0
0
0
0
0
0
0
0
2
2
2
2
2
2
2
2
2
2
2
2
2
2
2
2
2
2
2
2
2
2
2
2
2
2
2
2
2
2
2
2
2
2
2
2
2
2
2
2
2
2
2
2
2
2
2
2
2
2
2
2
2
2
2
2
2
2
2
2
2
2
2
2
2
2
2
2
2
2
2
2
2
2
2
2
2
2
2
2
2
2
2
2
2
2
2
2
2
2
2
2
2
2
2
2
2
2
2
2
2
2
2
2
2
2
2
2
2
2
2
2
2
2
2
2
2
2
2
2
2
2
2
2
2
2
2
2
2
2
2
2
2
2
2
2
2
2
2
2
2
2
2
2
2
2
2
2
2
2
2
2
2
2
2
2
2
2
2
2
2
2
2
2
2
2
2
2
2
2
2
2
2
2
2
2
2
2
2
2
2
2
2
2
2
2
2
2
2
2
2
2
2
2
2
2
2
2
2
2
2
2
2
2
2
2
2
2
2
2
2
2
2
2
2
2
2
2
2
2
2
6
6
6
6
6
6
6
6
6
6
6
6
6
6
6
6
6
6
6
6
6
6
6
6
1
1
1
1
1
1
1
1
1
1
1
1
1
1
1
1
1
1
1
1
1
1
1
1
1
1
1
1
1
1
1
1
1
1
1
1
1
1
1
1
1
1
1
1
1
1
1
1
1
1
1
1
1
1
1
1
1
1
1
1
1
1
1
1
1
1
1
1
1
1
1
1
1
1
1
1
1
1
1
1
1
1
1
1
5
5
5
5
5
5
5
5
5
5
5
5
5
5
5
5
5
5
5
5
5
5
5
5
5
5
5
5
5
5
5
5
5
5
5
5
5
5
5
5
5
5
5
5
5
5
5
5
3
3
3
3
3
3
3
3
3
3
3
3
3
3
3
3
3
3
3
3
3
3
3
3
3
3
3
3
3
3
3
3
4
4
4
4
4
4
4
4
4
4
4
4
4
4
4
4
4
4
4
4
4
4
4
4
4
4
4
4
4
4
4
4
