% Model:              Box_wing_001_surf_surf_005.mph
% Version:            COMSOL 6.0.0.405
% Date:               Sep 20 2022, 17:00
% Dimension:          3
% Nodes:              358
% Elements:           412
% Expressions:        1
% Description:        Material settings
% Length unit:        m
% Coordinates
-1.265                    0.2                      0.18333333333333338
-1.265                    0.2                      0.55
-1.265                    0.6                      0.1833333333333333
-1.265                    0.6                      0.55
-1.265                    0.2                      -0.18333333333333326
-1.265                    0.6                      -0.1833333333333334
-1.265                    -0.19999999999999987     0.18333333333333318
-1.2649999999999995       -0.19999999999999982     0.5499999999999999
-1.2649999999999995       0.19999999999999982      -0.55
-1.265                    0.6                      -0.5500000000000002
-1.265                    -0.2                     -0.1833333333333336
-1.265                    -0.6                     0.18333333333333326
-1.265                    -0.6                     0.55
-1.265                    -0.2                     -0.5500000000000002
-1.265                    -0.6                     -0.18333333333333343
-1.265                    -0.6                     -0.5500000000000002
0.5306033333333333        0.19999999999999987      -0.55
0.5131800000000002        0.6                      -0.55
0.8654166500000003        0.19999999999999993      -0.5499999999999998
0.8654166500000003        0.6                      -0.55
0.5480266666666668        -0.2                     -0.55
0.8654166500000002        -0.2                     -0.5499999999999998
0.5654500000000003        -0.6                     -0.55
0.8654166500000003        -0.6                     -0.55
0.25659000000000015       0.6                      -0.55
0.26530166666666655       0.19999999999999993      -0.5500000000000002
0.27401333333333355       -0.2                     -0.5500000000000002
0.2827250000000002        -0.5999999999999999      -0.55
1.1622647289044608E-16    0.5999999999999999       -0.55
4.764189043271472E-16     0.19999999999999987      -0.5500000000000002
2.382094521635736E-16     -0.2                     -0.5500000000000002
2.3765711620882257E-16    -0.5999999999999999      -0.55
-0.25658999999999993      0.6000000000000001       -0.5500000000000002
-0.2653016666666668       0.2                      -0.5500000000000002
-0.27401333333333305      -0.2                     -0.5500000000000002
-0.2827249999999996       -0.5999999999999999      -0.55
-0.5131799999999999       0.6                      -0.5500000000000002
-0.5306033333333336       0.19999999999999993      -0.5500000000000002
-0.5480266666666666       -0.2                     -0.5500000000000002
-0.8654166499999998       0.2                      -0.5500000000000002
-0.8654166499999998       0.6                      -0.5500000000000002
-0.5654499999999998       -0.6                     -0.5500000000000002
-0.8654166499999998       -0.19999999999999993     -0.5500000000000002
-0.8654166499999998       -0.6                     -0.5500000000000002
0.33473333333333294       -0.6                     -0.18333333333333313
0.5654500000000005        -0.6                     -0.18333333333333343
0.43875000000000025       -0.6                     0.5500000000000002
0.38674166666666693       -0.6                     0.18333333333333326
0.5654500000000003        -0.6                     0.5500000000000002
0.5654500000000002        -0.6                     0.1833333333333333
2.831131681323099E-16     -0.6                     -0.18333333333333326
2.6066131014794173E-16    -0.6                     0.18333333333333343
2.3592239273284576E-16    -0.5999999999999999      0.5500000000000002
-0.38674166666666643      -0.6                     0.18333333333333338
-0.43874999999999975      -0.6                     0.55
-0.33473333333333316      -0.6                     -0.18333333333333313
-0.5654499999999998       -0.6                     0.55
-0.5654499999999998       -0.6                     0.18333333333333343
-0.5654499999999998       -0.6                     -0.1833333333333333
0.43875000000000003       0.6                      0.5500000000000002
0.5131800000000002        0.6                      0.5500000000000002
0.37803000000000025       0.6                      0.1833333333333336
0.5131800000000001        0.6                      0.18333333333333343
0.31731000000000026       0.6                      -0.18333333333333307
0.5131800000000001        0.6                      -0.1833333333333333
6.697246405219844E-16     0.6                      0.1833333333333335
3.469446951953614E-17     0.6                      0.5500000000000002
2.1575759417920546E-16    0.6                      -0.18333333333333343
-0.31731000000000015      0.6                      -0.18333333333333338
-0.37802999999999953      0.6                      0.1833333333333335
-0.43875000000000003      0.6                      0.55
-0.5131799999999997       0.6                      -0.18333333333333343
-0.5131799999999999       0.6                      0.55
-0.5131799999999997       0.6                      0.1833333333333333
2.382094521635736E-16     -0.19999999999999982     0.5500000000000002
0.4387500000000002        -0.19999999999999993     0.55
2.382094521635736E-16     0.2                      0.5500000000000002
0.4387500000000001        0.2                      0.55
-0.43874999999999986      0.19999999999999993      0.55
-0.4387499999999998       -0.2                     0.55
1.2650000000000001        -0.2                     -0.55
1.2650000000000001        0.2                      -0.55
1.2650000000000001        -0.2                     -0.18333333333333313
1.2650000000000001        0.2                      -0.18333333333333318
1.2650000000000001        -0.2                     0.1833333333333336
1.2650000000000001        0.2                      0.1833333333333335
1.2650000000000001        -0.2                     0.5500000000000002
1.2650000000000001        0.2                      0.5500000000000002
-0.7966833333333332       -0.6                     0.55
-0.8195944388888886       -0.6                     0.18333333333333332
-0.5654499999999998       -0.6                     0.55
-0.5654499999999998       -0.6                     0.18333333333333343
-0.8425055444444444       -0.6                     -0.18333333333333326
-0.5654499999999998       -0.6                     -0.1833333333333333
-1.0181481444444442       -0.6                     0.18333333333333332
-1.0279166666666664       -0.6                     0.55
-1.2167018499999998       -0.6                     0.18333333333333307
-1.2591499999999998       -0.6                     0.55
-0.8654166499999998       -0.6                     -0.5500000000000002
-0.5654499999999998       -0.6                     -0.5500000000000002
-1.0083796222222219       -0.6                     -0.18333333333333326
-1.265                    -0.6                     0.55
-1.265                    -0.6                     0.18333333333333326
-1.1742536999999997       -0.6                     -0.1833333333333336
-0.9986110999999996       -0.6                     -0.55
-1.265                    -0.6                     -0.18333333333333343
-1.1318055499999997       -0.6                     -0.5500000000000002
-1.265                    -0.6                     -0.5500000000000002
-0.9986110999999996       0.19999999999999987      -0.5500000000000002
-0.9986110999999996       0.6                      -0.55
-0.8654166499999998       0.2                      -0.5500000000000002
-0.8654166499999998       0.6                      -0.5500000000000002
-1.1318055500000002       0.19999999999999993      -0.5500000000000002
-1.1318055499999997       0.6                      -0.5500000000000002
-0.9986110999999996       -0.2                     -0.5500000000000002
-0.8654166499999998       -0.19999999999999993     -0.5500000000000002
-1.2649999999999995       0.19999999999999982      -0.55
-1.265                    0.6                      -0.5500000000000002
-1.1318055499999997       -0.2                     -0.5500000000000002
-1.265                    -0.2                     -0.5500000000000002
-0.7618366666666666       0.6                      0.5500000000000002
-0.5131799999999999       0.6                      0.55
-0.7963633277777776       0.6                      0.1833333333333336
-0.5131799999999997       0.6                      0.1833333333333333
-1.0065325888888879       0.6                      0.18333333333333338
-1.0104933333333332       0.6                      0.55
-0.8308899888888888       0.6                      -0.18333333333333338
-0.5131799999999997       0.6                      -0.18333333333333343
-0.5131799999999999       0.6                      -0.5500000000000002
-1.21670185               0.6                      0.18333333333333326
-1.25915                  0.6                      0.55
-1.265                    0.6                      0.55
-1.265                    0.6                      0.1833333333333333
-1.0025718444444436       0.6                      -0.18333333333333343
-1.1742536999999997       0.6                      -0.18333333333333326
-1.265                    0.6                      -0.1833333333333334
1.1742537000000004        0.6                      -0.18333333333333338
1.2650000000000001        0.6                      -0.18333333333333326
1.1318055500000004        0.5999999999999999       -0.55
1.2650000000000001        0.6                      -0.55
1.2591500000000002        0.6                      0.5500000000000002
1.2650000000000001        0.6                      0.5500000000000002
1.2167018500000004        0.6                      0.1833333333333336
1.2650000000000001        0.6                      0.18333333333333343
1.0065325888888894        0.6                      0.1833333333333335
1.0104933333333337        0.6000000000000001       0.5500000000000003
1.002571844444445         0.6                      -0.18333333333333313
0.9986111000000004        0.6                      -0.55
0.8308899888888892        0.6                      -0.18333333333333326
0.796363327777778         0.6                      0.18333333333333326
0.8654166500000003        0.6                      -0.55
0.7618366666666669        0.6                      0.5500000000000002
0.5131800000000001        0.6                      -0.1833333333333333
0.5131800000000002        0.6                      -0.55
0.5131800000000002        0.6                      0.5500000000000002
0.5131800000000001        0.6                      0.18333333333333343
1.1742537                 -0.6                     -0.18333333333333338
1.1318055500000004        -0.5999999999999999      -0.55
1.2650000000000001        -0.6                     -0.1833333333333333
1.2650000000000001        -0.6                     -0.55
1.2591500000000009        -0.6                     0.5500000000000002
1.2167018500000002        -0.6                     0.18333333333333313
1.2650000000000001        -0.6                     0.5500000000000002
1.2650000000000001        -0.6                     0.1833333333333334
1.0181481444444451        -0.6                     0.18333333333333313
1.0279166666666675        -0.6                     0.5500000000000002
1.008379622222223         -0.6                     -0.1833333333333336
0.9986111000000004        -0.6                     -0.55
0.8654166500000003        -0.6                     -0.55
0.8425055444444444        -0.6                     -0.18333333333333374
0.8195944388888894        -0.6                     0.18333333333333313
0.7966833333333339        -0.6                     0.5500000000000003
0.5654500000000005        -0.6                     -0.18333333333333343
0.5654500000000003        -0.6                     -0.55
0.5654500000000003        -0.6                     0.5500000000000002
0.5654500000000002        -0.6                     0.1833333333333333
1.1318055500000006        -0.2                     -0.55
1.2650000000000001        -0.2                     -0.55
1.1318055500000006        0.19999999999999987      -0.55
1.2650000000000001        0.2                      -0.55
0.9986111000000002        -0.2                     -0.55
0.9986111000000002        0.19999999999999993      -0.55
0.8654166500000003        0.19999999999999993      -0.5499999999999998
0.8654166500000002        -0.2                     -0.5499999999999998
1.2650000000000001        -0.2                     -0.18333333333333313
1.2650000000000001        -0.2                     0.1833333333333336
1.2650000000000001        -0.2                     0.5500000000000002
1.2650000000000001        0.2                      -0.18333333333333318
1.2650000000000001        0.2                      0.1833333333333335
1.2650000000000001        0.2                      0.5500000000000002
-1.265                    0.6                      0.55
-1.265                    0.2                      0.55
-1.25915                  0.6                      0.55
-1.2591499999999998       0.19999999999999993      0.5499999999999998
-1.2649999999999995       -0.19999999999999982     0.5499999999999999
-1.2591499999999998       -0.2                     0.5499999999999998
-1.2591499999999998       -0.6                     0.55
-1.265                    -0.6                     0.55
1.2650000000000001        0.2                      0.5500000000000002
1.2650000000000001        0.6                      0.5500000000000002
1.2591500000000002        0.2                      0.5500000000000002
1.2591500000000002        0.6                      0.5500000000000002
1.2591500000000002        -0.19999999999999993     0.5500000000000002
1.2650000000000001        -0.2                     0.5500000000000002
1.2650000000000001        -0.6                     0.5500000000000002
1.2591500000000009        -0.6                     0.5500000000000002
-0.5131799999999999       0.6                      0.55
-0.530603333333333        0.20000000000000012      0.55
-0.43875000000000003      0.6                      0.55
-0.43874999999999986      0.19999999999999993      0.55
-0.5480266666666664       -0.20000000000000007     0.55
-0.4387499999999998       -0.2                     0.55
-0.5654499999999998       -0.6                     0.55
-0.43874999999999975      -0.6                     0.55
-0.7734522222222219       0.2                      0.55
-0.7618366666666666       0.6                      0.5500000000000002
-1.0163011111111109       0.2                      0.55
-1.0104933333333332       0.6                      0.55
-1.2591499999999998       0.19999999999999993      0.5499999999999998
-1.25915                  0.6                      0.55
-0.7850677777777775       -0.2                     0.55
-0.7966833333333332       -0.6                     0.55
-1.0221088888888887       -0.20000000000000007     0.55
-1.0279166666666664       -0.6                     0.55
-1.2591499999999998       -0.2                     0.5499999999999998
-1.2591499999999998       -0.6                     0.55
1.0279166666666675        -0.6                     0.5500000000000002
1.2591500000000009        -0.6                     0.5500000000000002
1.0221088888888896        -0.19999999999999987     0.5500000000000002
1.2591500000000002        -0.19999999999999993     0.5500000000000002
1.0163011111111109        0.2                      0.5500000000000002
1.2591500000000002        0.2                      0.5500000000000002
0.7966833333333339        -0.6                     0.5500000000000003
0.785067777777778         -0.19999999999999987     0.5500000000000002
1.0104933333333337        0.6000000000000001       0.5500000000000003
1.2591500000000002        0.6                      0.5500000000000002
0.7734522222222223        0.20000000000000012      0.5500000000000002
0.7618366666666669        0.6                      0.5500000000000002
0.5654500000000003        -0.6                     0.5500000000000002
0.5480266666666668        -0.19999999999999987     0.5500000000000002
0.5306033333333333        0.20000000000000012      0.5500000000000002
0.5131800000000002        0.6                      0.5500000000000002
0.4387500000000002        -0.19999999999999993     0.55
0.43875000000000025       -0.6                     0.5500000000000002
0.43875000000000003       0.6                      0.5500000000000002
0.4387500000000001        0.2                      0.55
-0.49999999999999917      -6.705                   -0.04999999999999924
-0.49999999999999917      -6.705                   0.05000000000000076
-0.4999999999999992       -5.939999999999999       -0.04999999999999934
-0.4999999999999992       -5.939999999999999       0.05000000000000066
-0.4999999999999995       -4.6466666666666665      -0.0499999999999995
-0.49999999999999944      -4.646666666666666       0.050000000000000516
-0.49999999999999956      -3.3533333333333326      -0.04999999999999965
-0.49999999999999956      -3.353333333333333       0.05000000000000035
-0.4999999999999997       -2.06                    -0.04999999999999981
-0.4999999999999997       -2.06                    0.05000000000000019
-0.49999999999999983      -1.295                   -0.049999999999999906
-0.49999999999999983      -1.295                   0.05000000000000009
0.5000000000000008        -6.705                   -0.04999999999999912
0.5000000000000008        -6.705                   0.05000000000000088
0.5000000000000002        -1.295                   -0.04999999999999978
0.5000000000000002        -1.295                   0.05000000000000022
-0.5000000000000007       5.939999999999999        -0.05000000000000078
-0.5000000000000007       5.939999999999999        0.04999999999999922
-0.5000000000000008       6.705                    -0.05000000000000088
-0.5000000000000008       6.705                    0.04999999999999912
-0.5000000000000007       4.6466666666666665       -0.05000000000000063
-0.5000000000000007       4.6466666666666665       0.04999999999999938
-0.5000000000000003       3.3533333333333326       -0.05000000000000046
-0.5000000000000004       3.3533333333333344       0.04999999999999954
-0.5000000000000002       2.06                     -0.050000000000000315
-0.5000000000000002       2.060000000000001        0.049999999999999684
-0.5000000000000002       1.295                    -0.05000000000000022
-0.5000000000000002       1.295                    0.04999999999999978
0.49999999999999983       1.295                    -0.05000000000000009
0.49999999999999983       1.295                    0.049999999999999906
0.49999999999999917       6.705                    -0.05000000000000076
0.49999999999999917       6.705                    0.04999999999999924
0.5000000000000007        -5.939999999999999       -0.04999999999999922
0.5000000000000007        -5.939999999999999       0.05000000000000078
0.5000000000000007        -4.6466666666666665      -0.04999999999999938
0.5000000000000007        -4.6466666666666665      0.05000000000000063
0.5000000000000004        -3.3533333333333344      -0.04999999999999954
0.5000000000000003        -3.3533333333333326      0.05000000000000046
0.5000000000000002        -2.060000000000001       -0.049999999999999684
0.5000000000000002        -2.06                    0.050000000000000315
0.4999999999999992        5.939999999999999        -0.05000000000000066
0.4999999999999992        5.939999999999999        0.04999999999999934
0.4999999999999995        4.6466666666666665       -0.050000000000000516
0.4999999999999995        4.6466666666666665       0.0499999999999995
0.49999999999999956       3.3533333333333326       -0.050000000000000336
0.49999999999999956       3.3533333333333326       0.04999999999999965
0.4999999999999997        2.06                     -0.05000000000000019
0.4999999999999997        2.06                     0.04999999999999981
-0.49999999999999917      -6.705                   -0.04999999999999924
-0.4999999999999992       -5.939999999999999       -0.04999999999999934
0.5000000000000008        -6.705                   -0.04999999999999912
0.5000000000000007        -5.939999999999999       -0.04999999999999922
-0.49999999999999917      -6.705                   0.05000000000000076
0.5000000000000008        -6.705                   0.05000000000000088
-0.4999999999999992       -5.939999999999999       0.05000000000000066
0.5000000000000007        -5.939999999999999       0.05000000000000078
-0.4999999999999997       -2.06                    -0.04999999999999981
-0.49999999999999983      -1.295                   -0.049999999999999906
0.5000000000000002        -2.060000000000001       -0.049999999999999684
0.5000000000000002        -1.295                   -0.04999999999999978
-0.4999999999999997       -2.06                    0.05000000000000019
0.5000000000000002        -2.06                    0.050000000000000315
-0.49999999999999983      -1.295                   0.05000000000000009
0.5000000000000002        -1.295                   0.05000000000000022
-0.5000000000000002       1.295                    -0.05000000000000022
-0.5000000000000002       2.06                     -0.050000000000000315
0.49999999999999983       1.295                    -0.05000000000000009
0.4999999999999997        2.06                     -0.05000000000000019
-0.5000000000000002       1.295                    0.04999999999999978
0.49999999999999983       1.295                    0.049999999999999906
-0.5000000000000002       2.060000000000001        0.049999999999999684
0.4999999999999997        2.06                     0.04999999999999981
-0.5000000000000007       5.939999999999999        -0.05000000000000078
-0.5000000000000008       6.705                    -0.05000000000000088
0.4999999999999992        5.939999999999999        -0.05000000000000066
0.49999999999999917       6.705                    -0.05000000000000076
-0.5000000000000007       5.939999999999999        0.04999999999999922
0.4999999999999992        5.939999999999999        0.04999999999999934
-0.5000000000000008       6.705                    0.04999999999999912
0.49999999999999917       6.705                    0.04999999999999924
-0.4999999999999992       -5.939999999999999       -0.04999999999999934
-0.4999999999999995       -4.6466666666666665      -0.0499999999999995
0.5000000000000007        -5.939999999999999       -0.04999999999999922
0.5000000000000007        -4.6466666666666665      -0.04999999999999938
-0.49999999999999956      -3.3533333333333326      -0.04999999999999965
0.5000000000000004        -3.3533333333333344      -0.04999999999999954
-0.4999999999999997       -2.06                    -0.04999999999999981
0.5000000000000002        -2.060000000000001       -0.049999999999999684
-0.4999999999999992       -5.939999999999999       0.05000000000000066
0.5000000000000007        -5.939999999999999       0.05000000000000078
-0.49999999999999944      -4.646666666666666       0.050000000000000516
0.5000000000000007        -4.6466666666666665      0.05000000000000063
-0.49999999999999956      -3.353333333333333       0.05000000000000035
0.5000000000000003        -3.3533333333333326      0.05000000000000046
-0.4999999999999997       -2.06                    0.05000000000000019
0.5000000000000002        -2.06                    0.050000000000000315
-0.5000000000000007       4.6466666666666665       -0.05000000000000063
-0.5000000000000007       5.939999999999999        -0.05000000000000078
0.4999999999999995        4.6466666666666665       -0.050000000000000516
0.4999999999999992        5.939999999999999        -0.05000000000000066
-0.5000000000000003       3.3533333333333326       -0.05000000000000046
0.49999999999999956       3.3533333333333326       -0.050000000000000336
-0.5000000000000002       2.06                     -0.050000000000000315
0.4999999999999997        2.06                     -0.05000000000000019
-0.5000000000000007       4.6466666666666665       0.04999999999999938
0.4999999999999995        4.6466666666666665       0.0499999999999995
-0.5000000000000007       5.939999999999999        0.04999999999999922
0.4999999999999992        5.939999999999999        0.04999999999999934
-0.5000000000000004       3.3533333333333344       0.04999999999999954
0.49999999999999956       3.3533333333333326       0.04999999999999965
-0.5000000000000002       2.060000000000001        0.049999999999999684
0.4999999999999997        2.06                     0.04999999999999981
% Elements (triangles)
1          2         4
1          4         3
5          1         3
5          3         6
7          8         2
7          2         1
9          5         6
9          6         10
11         7         1
11         1         5
12         13        8
12         8         7
14         11        5
14         5         9
15         12        7
15         7         11
16         15        11
16         11        14
17         18        19
18         20        19
21         17        22
17         19        22
23         21        24
21         22        24
18         17        25
17         26        25
17         21        26
21         27        26
21         23        27
23         28        27
25         26        30
25         30        29
26         27        31
26         31        30
27         28        32
27         32        31
33         29        34
29         30        34
34         30        35
30         31        35
35         31        36
31         32        36
37         33        38
33         34        38
38         34        39
34         35        39
38         40        37
40         41        37
39         35        42
35         36        42
39         43        38
43         40        38
42         44        39
44         43        39
45         28        46
28         23        46
47         48        49
48         50        49
48         45        50
45         46        50
28         45        32
45         51        32
48         47        52
47         53        52
45         48        51
48         52        51
54         52        55
52         53        55
56         51        54
51         52        54
36         32        56
32         51        56
55         57        58
55         58        54
54         58        59
54         59        56
56         59        42
56         42        36
60         61        62
61         63        62
62         63        64
63         65        64
64         65        25
65         18        25
62         66        60
66         67        60
64         68        62
68         66        62
25         29        64
29         68        64
33         69        29
69         68        29
70         71        66
71         67        66
69         70        68
70         66        68
69         33        37
69         37        72
71         70        74
71         74        73
70         69        72
70         72        74
53         47        76
53         76        75
77         78        60
77         60        67
75         76        78
75         78        77
79         77        67
79         67        71
80         75        77
80         77        79
55         53        75
55         75        80
81         82        84
81         84        83
85         86        88
85         88        87
83         84        86
83         86        85
89         90        91
90         92        91
90         93        92
93         94        92
90         89        96
90         96        95
97         95        98
95         96        98
93         99        94
99         100       94
93         90        95
93         95        101
98         102       103
98         103       97
104        101       97
101        95        97
99         93        101
99         101       105
97         103       106
97         106       104
107        105       104
105        101       104
104        106       108
104        108       107
109        110       112
109        112       111
113        114       110
113        110       109
115        109       111
115        111       116
117        118       114
117        114       113
119        113       109
119        109       115
105        115       116
105        116       99
120        117       113
120        113       119
107        119       115
107        115       105
108        120       119
108        119       107
121        122       123
122        124       123
123        125       126
123        126       121
123        124       127
124        128       127
127        128       112
128        129       112
130        131       125
131        126       125
131        130       133
131        133       132
127        134       125
127        125       123
112        110       134
112        134       127
135        130       134
130        125       134
130        135       136
130        136       133
114        135       110
135        134       110
135        114       118
135        118       136
137        138       139
138        140       139
141        142       143
142        144       143
143        144       137
144        138       137
143        145       141
145        146       141
137        147       143
147        145       143
139        148       137
148        147       137
149        150       147
150        145       147
151        149       148
149        147       148
150        152       145
152        146       145
149        151       154
149        154       153
152        150       156
152        156       155
150        149       153
150        153       156
157        158       159
158        160       159
161        162       163
162        164       163
162        157       164
157        159       164
162        161       165
161        166       165
157        162       167
162        165       167
158        157       168
157        167       168
169        168       170
168        167       170
171        165       172
165        166       172
170        167       171
167        165       171
170        173       174
170        174       169
172        175       176
172        176       171
171        176       173
171        173       170
158        177       178
158        178       160
179        139       140
179        140       180
177        179       180
177        180       178
168        181       177
168        177       158
181        182       179
181        179       177
182        148       139
182        139       179
183        151       148
183        148       182
184        183       182
184        182       181
169        184       181
169        181       168
160        178       185
160        185       159
164        186       187
164        187       163
159        185       186
159        186       164
180        140       138
180        138       188
189        144       142
189        142       190
188        138       144
188        144       189
191        192       193
194        193       192
192        195       194
196        194       195
197        196       198
195        198       196
199        200       201
202        201       200
201        203       199
204        199       203
205        204       206
203        206       204
207        208       209
208        210       209
208        211       210
211        212       210
211        213       212
213        214       212
208        207       215
207        216       215
215        216       217
216        218       217
217        218       219
218        220       219
211        208       221
208        215       221
213        211       222
211        221       222
221        215       223
215        217       223
222        221       224
221        223       224
223        217       225
217        219       225
224        223       226
223        225       226
227        228       229
228        230       229
229        230       231
230        232       231
233        227       234
227        229       234
231        232       235
232        236       235
234        229       237
229        231       237
237        231       238
231        235       238
239        233       240
233        234       240
241        237       242
237        238       242
240        234       241
234        237       241
240        243       244
240        244       239
242        245       246
242        246       241
241        246       243
241        243       240
247        248       250
247        250       249
249        250       252
249        252       251
251        252       254
251        254       253
253        254       256
253        256       255
255        256       258
255        258       257
247        259       260
247        260       248
257        258       262
257        262       261
263        264       266
263        266       265
267        268       264
267        264       263
269        270       268
269        268       267
271        272       270
271        270       269
273        274       272
273        272       271
273        275       276
273        276       274
265        266       278
265        278       277
259        279       280
259        280       260
279        281       282
279        282       280
281        283       284
281        284       282
283        285       286
283        286       284
285        261       262
285        262       286
287        277       278
287        278       288
289        287       288
289        288       290
291        289       290
291        290       292
293        291       292
293        292       294
275        293       294
275        294       276
295        296       298
295        298       297
299        300       302
299        302       301
303        304       306
303        306       305
307        308       310
307        310       309
311        312       314
311        314       313
315        316       318
315        318       317
319        320       322
319        322       321
323        324       326
323        326       325
327        328       330
327        330       329
328        331       332
328        332       330
331        333       334
331        334       332
335        336       338
335        338       337
337        338       340
337        340       339
339        340       342
339        342       341
343        344       346
343        346       345
347        343       345
347        345       348
349        347       348
349        348       350
351        352       354
351        354       353
355        356       352
355        352       351
357        358       356
357        356       355
% Data (material.boundary)
1
1
1
1
1
1
1
1
1
1
1
1
1
1
1
1
1
1
1
1
1
1
1
1
1
1
1
1
1
1
1
1
1
1
1
1
1
1
1
1
1
1
1
1
1
1
1
1
1
1
1
1
1
1
1
1
1
1
1
1
1
1
1
1
1
1
1
1
1
1
1
1
1
1
1
1
1
1
1
1
1
1
1
1
1
1
1
1
3
3
3
3
3
3
3
3
3
3
3
3
3
3
3
3
3
3
3
3
3
3
3
3
3
3
3
3
3
3
3
3
3
3
3
3
3
3
3
3
3
3
3
3
3
3
3
3
3
3
3
3
3
3
3
3
3
3
3
3
3
3
3
3
3
3
3
3
3
3
3
3
3
3
3
3
3
3
3
3
3
3
3
3
3
3
3
3
3
3
3
3
3
3
3
3
3
3
3
3
3
3
0
0
0
0
0
0
0
0
0
0
0
0
0
0
0
0
2
2
2
2
2
2
2
2
2
2
2
2
2
2
2
2
2
2
2
2
2
2
2
2
2
2
2
2
2
2
2
2
2
2
2
2
2
2
2
2
6
6
6
6
6
6
6
6
6
6
6
6
6
6
6
6
6
6
6
6
6
6
6
6
6
6
6
6
6
6
6
6
6
6
6
6
6
6
6
6
6
6
6
6
6
6
6
6
4
4
4
4
4
4
4
4
4
4
4
4
4
4
4
4
4
4
4
4
4
4
4
4
4
4
4
4
4
4
4
4
5
5
5
5
5
5
5
5
5
5
5
5
5
5
5
5
5
5
5
5
5
5
5
5
5
5
5
5
5
5
5
5
