% Model:              Box_wing_SAT_area_diff.mph
% Version:            COMSOL 6.0.0.405
% Date:               Dec 1 2023, 09:50
% Dimension:          3
% Nodes:              338
% Elements:           476
% Expressions:        1
% Description:        Material settings
% Length unit:        m
% Coordinates
-1.265                    -0.6                     0.5499999999999999
-1.2649999999999997       -0.2000000000000001      0.5499999999999998
-1.265                    -0.6                     0.32999999999999985
-1.265                    -0.2                     0.3299999999999998
-1.2649999999999997       -0.5999999999999999      0.10999999999999995
-1.2650000000000001       0.1999999999999999       0.5499999999999999
-1.265                    -0.1999999999999998      0.10999999999999993
-1.265                    -0.6                     -0.11000000000000004
-1.265                    0.19999999999999993      0.33
-1.265                    0.6                      0.5499999999999999
-1.265                    -0.2                     -0.10999999999999993
-1.265                    -0.6                     -0.33
-1.265                    -0.19999999999999996     -0.33
-1.265                    -0.6                     -0.55
-1.2650000000000001       -0.1999999999999999      -0.55
-1.265                    0.19999999999999993      0.10999999999999993
-1.265                    0.5999999999999999       0.33000000000000007
-1.2649999999999997       0.2000000000000001       -0.55
-1.265                    0.19999999999999984      -0.33
-1.265                    0.19999999999999993      -0.10999999999999993
-1.265                    0.6                      0.1100000000000001
-1.265                    0.6                      -0.55
-1.265                    0.5999999999999999       -0.33
-1.2649999999999997       0.5999999999999998       -0.10999999999999996
0.8654166500000002        -0.6                     -0.55
0.715433325               -0.5999999999999999      -0.5499999999999999
0.8654166500000003        -0.2                     -0.55
0.7067216583333333        -0.19999999999999965     -0.5499999999999999
0.8654166500000003        0.19999999999999996      -0.5499999999999999
0.5654500000000001        -0.6                     -0.55
0.6980099916666667        0.2                      -0.5499999999999999
0.8654166500000002        0.6                      -0.55
0.6892983250000001        0.5999999999999999       -0.55
0.5480266666666667        -0.19999999999999993     -0.5499999999999999
0.3392700000000002        -0.6                     -0.55
0.5306033333333334        0.2                      -0.55
0.5131799999999999        0.6                      -0.55
0.32881600000000016       -0.19999999999999993     -0.55
0.11309000000000018       -0.6                     -0.55
0.3183620000000001        0.19999999999999993      -0.55
0.3079079999999999        0.5999999999999999       -0.5499999999999999
-0.11308999999999982      -0.6                     -0.55
0.10960533333333351       -0.19999999999999993     -0.55
-0.3392699999999998       -0.6                     -0.55
-0.10960533333333315      -0.19999999999999993     -0.55
0.10612066666666664       0.2                      -0.55
0.10263599999999996       0.6                      -0.5499999999999999
-0.5654499999999998       -0.6                     -0.55
-0.3288159999999996       -0.19999999999999984     -0.55
-0.10612066666666664      0.2                      -0.55
-0.10263599999999996      0.6                      -0.55
-0.7154333249999998       -0.5999999999999999      -0.55
-0.5480266666666664       -0.19999999999999993     -0.55
-0.3183620000000001       0.2                      -0.55
-0.3079079999999999       0.5999999999999999       -0.55
-0.8654166499999998       -0.6                     -0.55
-0.7067216583333333       -0.19999999999999965     -0.55
-0.5306033333333332       0.19999999999999996      -0.55
-0.5131799999999999       0.6                      -0.55
-0.8654166499999998       -0.19999999999999996     -0.5500000000000002
-0.6980099916666669       0.2                      -0.55
-0.6892983249999999       0.6                      -0.55
-0.8654166499999998       0.2                      -0.5500000000000002
-0.8654166499999998       0.6                      -0.55
0.5654500000000002        -0.5999999999999999      0.32999999999999996
0.5654500000000001        -0.6                     0.55
0.4188539999999997        -0.6                     0.3299999999999999
0.4387500000000001        -0.6                     0.55
0.5654500000000002        -0.5999999999999999      0.10999999999999993
0.39895800000000015       -0.6                     0.10999999999999993
0.5654500000000002        -0.6                     -0.3300000000000001
0.35916600000000043       -0.6                     -0.3300000000000003
0.5654500000000002        -0.6                     -0.11000000000000013
0.37906200000000007       -0.6                     -0.11000000000000022
0.13961800000000005       -0.6                     0.32999999999999996
0.14625000000000005       -0.6000000000000001      0.55
0.1329859999999997        -0.6                     0.10999999999999986
-0.13298599999999983      -0.6                     0.11000000000000013
0.12635400000000044       -0.6                     -0.11000000000000013
0.11972200000000006       -0.6                     -0.33000000000000007
-0.13961800000000002      -0.6                     0.33
-0.14625000000000005      -0.6                     0.55
-0.4387500000000001       -0.6                     0.55
-0.4188540000000001       -0.6                     0.33000000000000024
-0.3989579999999997       -0.6                     0.11000000000000013
-0.12635399999999927      -0.6                     -0.10999999999999967
-0.37906200000000007      -0.6                     -0.10999999999999986
-0.11972199999999998      -0.6                     -0.3300000000000003
-0.3591659999999999       -0.6                     -0.3299999999999999
-0.5654499999999998       -0.6                     0.5499999999999999
-0.5654499999999998       -0.6                     0.3300000000000001
-0.5654499999999998       -0.6                     0.11000000000000013
-0.5654499999999998       -0.5999999999999999      -0.10999999999999993
-0.5654499999999998       -0.5999999999999999      -0.32999999999999996
0.5131800000000001        0.6                      0.3300000000000001
0.4125816000000003        0.6                      0.33000000000000007
0.5131799999999999        0.6                      0.55
0.4387500000000005        0.6                      0.55
0.5131800000000001        0.6                      0.11000000000000013
0.3864132000000005        0.6                      0.11000000000000004
0.51318                   0.5999999999999999       -0.10999999999999993
0.3602448000000005        0.6                      -0.11000000000000004
0.13752720000000052       0.6                      0.33000000000000007
0.14625000000000044       0.6                      0.55
0.51318                   0.5999999999999999       -0.32999999999999996
0.3340763999999999        0.6                      -0.3299999999999999
0.12880440000000012       0.6                      0.11000000000000013
0.12008159999999977       0.6                      -0.11000000000000004
-0.12880439999999968      0.6                      0.11000000000000004
-0.13752719999999935      0.6                      0.32999999999999974
-0.14624999999999974      0.6                      0.55
0.1113588000000003        0.6                      -0.3299999999999999
-0.12008160000000018      0.6                      -0.11000000000000022
-0.11135879999999998      0.6                      -0.3300000000000002
-0.36024480000000014      0.6                      -0.11000000000000022
-0.3864131999999997       0.6                      0.10999999999999986
-0.4387499999999999       0.6                      0.55
-0.41258159999999994      0.6                      0.3299999999999999
-0.33407640000000016      0.6                      -0.33000000000000007
-0.5131799999999999       0.6                      -0.11000000000000013
-0.5131799999999999       0.6                      0.55
-0.5131799999999997       0.5999999999999999       0.10999999999999993
-0.5131799999999997       0.5999999999999999       0.32999999999999996
-0.5131799999999999       0.6                      -0.3300000000000001
0.4387500000000002        -0.19999999999999996     0.55
0.14625000000000005       -0.2                     0.55
0.4387500000000001        0.2                      0.55
-0.14624999999999985      -0.2                     0.55
0.1462500000000002        0.19999999999999993      0.55
-0.14624999999999985      0.19999999999999993      0.55
-0.43874999999999986      -0.2                     0.55
-0.43874999999999986      0.19999999999999996      0.55
1.2650000000000001        -0.2                     0.55
1.2650000000000001        -0.2                     0.3300000000000002
1.2650000000000001        0.2                      0.55
1.2650000000000001        0.2                      -0.5499999999999999
1.2650000000000001        0.2                      -0.3299999999999999
1.2650000000000001        -0.2                     -0.5499999999999999
1.2650000000000001        -0.20000000000000004     -0.3299999999999999
1.2650000000000001        0.2                      -0.10999999999999993
1.2650000000000001        -0.2                     -0.10999999999999983
1.2650000000000001        0.2                      0.11000000000000011
1.2650000000000001        -0.2                     0.11000000000000024
1.2650000000000001        0.2                      0.3300000000000001
-0.5654499999999998       -0.6                     0.3300000000000001
-0.5654499999999998       -0.6                     0.5499999999999999
-0.7353566649999997       -0.6                     0.32999999999999996
-0.7403374999999999       -0.6000000000000001      0.5499999999999999
-0.9152249999999997       -0.5999999999999999      0.5499999999999998
-0.9052633299999997       -0.6                     0.3299999999999999
-0.5654499999999998       -0.5999999999999999      -0.10999999999999993
-0.5654499999999998       -0.6                     0.11000000000000013
-0.7253949949999999       -0.6                     -0.10999999999999993
-0.7303758299999997       -0.6                     0.11000000000000013
-0.8953016599999996       -0.6                     0.11000000000000013
-1.0901125                -0.6000000000000001      0.5499999999999998
-0.5654499999999998       -0.5999999999999999      -0.32999999999999996
-0.7204141599999998       -0.6                     -0.33
-0.8853399899999999       -0.6                     -0.10999999999999993
-0.5654499999999998       -0.6                     -0.55
-0.7154333249999998       -0.5999999999999999      -0.55
-1.0851316649999998       -0.6                     0.3299999999999998
-1.265                    -0.6                     0.5499999999999999
-1.265                    -0.6                     0.32999999999999985
-1.0801508299999998       -0.6                     0.10999999999999986
-0.8753783199999999       -0.6                     -0.33
-0.8654166499999998       -0.6                     -0.55
-1.075169995              -0.6                     -0.10999999999999993
-1.065208325              -0.5999999999999999      -0.55
-1.0701891599999998       -0.6                     -0.33
-1.2649999999999997       -0.5999999999999999      0.10999999999999995
-1.265                    -0.6                     -0.11000000000000004
-1.265                    -0.6                     -0.55
-1.265                    -0.6                     -0.33
-0.8654166499999998       -0.19999999999999996     -0.5500000000000002
-1.0652083249999997       -0.19999999999999965     -0.55
-0.8654166499999998       0.2                      -0.5500000000000002
-1.065208325              0.5999999999999999       -0.55
-0.8654166499999998       0.6                      -0.55
-1.0652083249999997       0.20000000000000007      -0.55
-1.2650000000000001       -0.1999999999999999      -0.55
-1.2649999999999997       0.2000000000000001       -0.55
-1.265                    0.6                      -0.55
-0.5131799999999999       0.6                      -0.55
-0.6892983249999999       0.6                      -0.55
-0.5131799999999999       0.6                      -0.3300000000000001
-0.6916656599999993       0.6                      -0.3300000000000002
-0.5131799999999999       0.6                      -0.11000000000000013
-0.694032995              0.6                      -0.11000000000000004
-0.5131799999999997       0.5999999999999999       0.10999999999999993
-0.7011350000000001       0.6000000000000001       0.55
-0.5131799999999999       0.6                      0.55
-0.6987676649999993       0.6                      0.3299999999999999
-0.5131799999999997       0.5999999999999999       0.32999999999999996
-0.6964003300000002       0.6                      0.11000000000000004
-0.8701513199999998       0.6                      -0.33000000000000007
-0.88909                  0.6000000000000001       0.55
-0.8843553299999993       0.6                      0.33000000000000007
-0.8748859899999997       0.6                      -0.11000000000000004
-0.8796206599999997       0.6                      0.11000000000000004
-1.074677665              0.6                      0.3299999999999999
-1.077045                 0.5999999999999999       0.5499999999999999
-1.265                    0.6                      0.5499999999999999
-1.265                    0.5999999999999999       0.33000000000000007
-1.0675756600000001       0.6                      -0.33000000000000024
-1.0723103299999994       0.6                      0.11000000000000004
-1.0699429949999997       0.6                      -0.11000000000000013
-1.265                    0.6                      0.1100000000000001
-1.265                    0.5999999999999999       -0.33
-1.2649999999999997       0.5999999999999998       -0.10999999999999996
1.2650000000000001        0.6                      0.33
1.2157083370000001        0.6                      0.33
1.2650000000000001        0.6                      0.55
1.25333334                0.6                      0.55
1.2650000000000001        0.6                      0.11000000000000004
1.178083334               0.6                      0.10999999999999976
1.2650000000000001        0.6                      -0.32999999999999985
1.2650000000000001        0.6                      -0.5499999999999999
1.1028333280000002        0.6                      -0.32999999999999974
1.2650000000000001        0.5999999999999999       -0.10999999999999995
1.140458331               0.6                      -0.10999999999999976
1.0652083250000002        0.5999999999999999       -0.5499999999999999
1.00661556                0.6                      0.5500000000000002
0.9783757780000002        0.6                      0.3300000000000002
0.9501359960000002        0.6                      0.11000000000000013
0.8936564320000004        0.6                      -0.3299999999999999
0.9218962139999999        0.6                      -0.11000000000000004
0.8654166500000002        0.6                      -0.55
0.75989778                0.6                      0.55
0.7457778890000001        0.6                      0.3300000000000002
0.7316579980000002        0.6                      0.11000000000000049
0.7175381070000001        0.6                      -0.10999999999999986
0.7034182160000003        0.6                      -0.3299999999999998
0.6892983250000001        0.5999999999999999       -0.55
0.5131799999999999        0.6                      0.55
0.5131800000000001        0.6                      0.3300000000000001
0.5131800000000001        0.6                      0.11000000000000013
0.51318                   0.5999999999999999       -0.10999999999999993
0.51318                   0.5999999999999999       -0.32999999999999996
0.5131799999999999        0.6                      -0.55
1.2650000000000001        -0.6                     -0.1100000000000001
1.1404583310000005        -0.6                     -0.10999999999999993
1.2650000000000001        -0.5999999999999999      -0.33000000000000007
1.2650000000000001        -0.5999999999999998      0.10999999999999996
1.2650000000000001        -0.5999999999999999      0.33
1.1780833340000005        -0.6                     0.10999999999999976
1.2650000000000001        -0.6                     0.55
1.2157083370000004        -0.6                     0.33000000000000007
1.2533333400000004        -0.6                     0.55
1.0240388933333338        -0.6                     0.55
1.1028333280000002        -0.6                     -0.3300000000000002
1.2650000000000001        -0.6                     -0.5499999999999999
1.0652083250000002        -0.5999999999999999      -0.5499999999999999
0.897141098666667         -0.6                     -0.3300000000000003
0.8654166500000002        -0.6                     -0.55
0.9288655473333335        -0.6                     -0.11000000000000022
0.9605899960000003        -0.6                     0.10999999999999993
0.9923144446666664        -0.6                     0.33
0.7947444466666669        -0.6                     0.5500000000000002
0.7312955493333333        -0.6                     -0.3299999999999999
0.715433325               -0.5999999999999999      -0.5499999999999999
0.7471577736666669        -0.6                     -0.11000000000000022
0.7630199979999993        -0.6                     0.10999999999999986
0.7788822223333346        -0.6                     0.3299999999999999
0.5654500000000002        -0.5999999999999999      0.32999999999999996
0.5654500000000001        -0.6                     0.55
0.5654500000000001        -0.6                     -0.55
0.5654500000000002        -0.6                     -0.3300000000000001
0.5654500000000002        -0.6                     -0.11000000000000013
0.5654500000000002        -0.5999999999999999      0.10999999999999993
1.2650000000000001        -0.2                     -0.5499999999999999
1.0652083250000002        -0.19999999999999993     -0.5499999999999999
1.2650000000000001        0.2                      -0.5499999999999999
1.0652083250000002        0.2                      -0.5499999999999999
0.8654166500000003        -0.2                     -0.55
0.8654166500000003        0.19999999999999996      -0.5499999999999999
1.2650000000000001        -0.2                     0.55
1.2650000000000001        -0.2                     0.11000000000000024
1.2650000000000001        -0.2                     0.3300000000000002
1.2650000000000001        -0.20000000000000004     -0.3299999999999999
1.2650000000000001        -0.2                     -0.10999999999999983
1.2650000000000001        0.2                      0.11000000000000011
1.2650000000000001        0.2                      -0.10999999999999993
1.2650000000000001        0.2                      -0.3299999999999999
1.2650000000000001        0.2                      0.3300000000000001
1.2650000000000001        0.2                      0.55
-0.4387500000000001       -0.6                     0.55
-0.43874999999999986      -0.2                     0.55
-0.5654499999999998       -0.6                     0.5499999999999999
-0.5480266666666664       -0.20000000000000007     0.5499999999999999
-0.7403374999999999       -0.6000000000000001      0.5499999999999999
-0.43874999999999986      0.19999999999999996      0.55
-0.7272700000000001       -0.2                     0.5499999999999999
-0.9152249999999997       -0.5999999999999999      0.5499999999999998
-0.530603333333333        0.19999999999999984      0.55
-0.4387499999999999       0.6                      0.55
-0.906513333333333        -0.19999999999999993     0.5499999999999999
-1.0901125                -0.6000000000000001      0.5499999999999998
-1.2649999999999997       -0.2000000000000001      0.5499999999999998
-1.265                    -0.6                     0.5499999999999999
-1.0857566666666665       -0.20000000000000018     0.5499999999999999
-0.7142024999999997       0.19999999999999993      0.5499999999999999
-0.5131799999999999       0.6                      0.55
-0.8978016666666665       0.2000000000000001       0.5499999999999999
-1.0814008333333334       0.19999999999999957      0.5499999999999999
-1.2650000000000001       0.1999999999999999       0.5499999999999999
-0.7011350000000001       0.6000000000000001       0.55
-0.88909                  0.6000000000000001       0.55
-1.077045                 0.5999999999999999       0.5499999999999999
-1.265                    0.6                      0.5499999999999999
1.2533333400000004        -0.6                     0.55
1.2533333400000002        -0.2                     0.5500000000000002
1.0240388933333338        -0.6                     0.55
1.0182311155555557        -0.19999999999999993     0.55
1.2533333400000002        0.19999999999999996      0.5500000000000002
0.7947444466666669        -0.6                     0.5500000000000002
0.7831288911111107        -0.19999999999999993     0.55
1.25333334                0.6                      0.55
1.0124233377777778        0.19999999999999993      0.55
1.00661556                0.6                      0.5500000000000002
0.5654500000000001        -0.6                     0.55
0.7715133355555558        0.19999999999999973      0.55
0.5480266666666661        -0.19999999999999993     0.55
0.75989778                0.6                      0.55
0.4387500000000001        -0.6                     0.55
0.5306033333333329        0.19999999999999993      0.55
0.4387500000000002        -0.19999999999999996     0.55
0.5131799999999999        0.6                      0.55
0.4387500000000001        0.2                      0.55
0.4387500000000005        0.6                      0.55
1.2650000000000001        -0.6                     0.55
1.2650000000000001        -0.2                     0.55
1.2533333400000004        -0.6                     0.55
1.2533333400000002        -0.2                     0.5500000000000002
1.2650000000000001        0.2                      0.55
1.2533333400000002        0.19999999999999996      0.5500000000000002
1.2650000000000001        0.6                      0.55
1.25333334                0.6                      0.55
% Elements (triangles)
1          2         3
3          4         5
4          3         2
2          6         4
5          7         8
7          5         4
4          9         7
9          4         6
6          10        9
8          11        12
11         8         7
12         13        14
15         14        13
13         12        11
7          16        11
16         7         9
9          17        16
17         9         10
18         15        19
13         19        15
19         13        20
11         20        13
20         11        16
16         21        20
21         16        17
22         18        23
19         23        18
23         19        24
20         24        19
24         20        21
25         26        27
28         27        26
27         28        29
26         30        28
31         29        28
29         31        32
33         32        31
34         28        30
28         34        31
30         35        34
36         31        34
31         36        33
37         33        36
38         34        35
34         38        36
35         39        38
40         36        38
36         40        37
41         37        40
39         42        43
43         38        39
38         43        40
42         44        45
45         43        42
46         40        43
40         46        41
43         45        46
47         41        46
44         48        49
49         45        44
50         46        45
46         50        47
45         49        50
51         47        50
48         52        53
53         49        48
54         50        49
50         54        51
49         53        54
55         51        54
52         56        57
57         53        52
58         54        53
54         58        55
53         57        58
59         55        58
60         57        56
57         60        61
61         58        57
62         59        61
58         61        59
63         61        60
61         63        62
64         62        63
65         66        67
68         67        66
69         65        70
67         70        65
30         71        35
72         35        71
71         73        72
74         72        73
73         69        74
70         74        69
67         68        75
76         75        68
70         67        77
75         77        67
77         75        78
74         70        79
77         79        70
35         72        39
80         39        72
72         74        80
79         80        74
39         80        42
81         78        75
75         76        81
82         81        76
82         83        81
81         84        78
84         81        83
85         78        84
79         77        86
78         86        77
78         85        86
87         86        85
88         42        80
80         79        88
88         89        42
86         88        79
86         87        88
89         88        87
44         42        89
83         90        84
84         91        85
91         84        90
85         92        87
92         85        91
87         93        89
93         87        92
89         94        44
94         89        93
48         44        94
95         96        97
98         97        96
99         100       95
96         95        100
101        102       99
100        99        102
96         100       103
98         96        104
103        104       96
105        106       101
102        101       106
37         41        105
106        105       41
107        103       100
100        102       107
108        107       102
102        106       108
107        109       103
103        110       104
110        103       109
111        104       110
106        41        112
112        108       106
47         112       41
109        107       113
108        113       107
113        108       114
112        114       108
114        112       51
47         51        112
113        115       109
109        116       110
116        109       115
117        111       118
110        118       111
118        110       116
115        113       119
114        119       113
119        114       55
51         55        114
115        119       120
117        118       121
120        122       115
116        115       122
123        121       118
122        123       116
118        116       123
119        55        124
124        120       119
59         124       55
68         125       76
76         126       82
126        76        125
125        127       126
128        82        126
82         128       83
129        126       127
127        98        129
126        129       128
104        129       98
130        128       129
129        104       130
131        83        128
128        130       131
111        130       104
132        131       130
130        111       132
117        132       111
133        134       135
136        137       138
139        138       137
137        140       139
141        139       140
140        142       141
143        141       142
142        144       143
134        143       144
144        135       134
145        146       147
148        147       146
148        149       147
150        147       149
151        152       153
152        145       154
147        154       145
147        150       154
154        153       152
154        155       153
155        154       150
149        156       150
157        151       158
153        158       151
153        159       158
159        153       155
160        157       161
158        161       157
150        162       155
162        150       156
163        164       156
162        156       164
155        165       159
165        155       162
158        166       161
166        158       159
167        161       166
159        168       166
168        159       165
169        167       170
166        170       167
170        166       168
164        171       162
165        162       171
171        172       165
168        165       172
169        170       173
172        174       168
174        173       170
170        168       174
167        169       175
176        175       169
169        173       176
175        176       177
178        179       180
177        180       179
180        177       176
181        176       173
176        181       180
182        180       181
180        182       178
183        178       182
184        185       186
187        186       185
186        187       188
189        188       187
188        189       190
191        192       193
194        193       192
195        190       189
190        195       194
193        194       195
185        179       187
196        187       179
187        196       189
179        178       196
197        191       198
193        198       191
199        189       196
189        199       195
200        195       199
195        200       193
198        193       200
198        201       197
202        197       201
203        202       204
201        204       202
205        196       178
196        205       199
178        183       205
200        206       198
201        198       206
207        199       205
199        207       200
206        200       207
206        208       201
204        201       208
209        205       183
205        209       207
210        207       209
207        210       206
208        206       210
211        212       213
214        213       212
215        216       211
212        211       216
217        218       219
220        217       221
220        221       215
216        215       221
219        221       217
222        219       218
214        212       223
212        216       224
224        223       212
216        221       225
225        224       216
219        222       226
221        219       227
227        225       221
226        227       219
228        226       222
223        224       229
224        225       230
230        229       224
225        227       231
231        230       225
227        226       232
232        231       227
226        228       233
233        232       226
234        233       228
235        229       236
230        236       229
236        230       237
231        237       230
237        231       238
232        238       231
238        232       239
233        239       232
239        233       240
234        240       233
241        242       243
241        244       242
244        245       246
246        242       244
245        247       248
249        248       247
248        246       245
249        250       248
243        251       252
251        243       242
253        252       251
251        254       253
255        253       254
242        256       251
254        251       256
246        257       242
256        242       257
258        248       250
248        258       246
257        246       258
250        259       258
254        260       255
261        255       260
256        262       254
260        254       262
257        263       256
262        256       263
264        258       259
258        264       257
263        257       264
264        259       265
266        265       259
261        260       267
268        267       260
260        262       268
269        268       262
262        263       269
265        270       264
270        269       263
263        264       270
252        253       271
272        271       253
271        272       273
253        255       272
274        273       272
273        274       218
222        218       274
275        272       255
272        275       274
276        274       275
274        276       222
228        222       276
247        245       277
244        241       278
278        279       244
245        244       279
279        277       245
271        280       252
243        252       280
280        281       243
241        243       281
281        278       241
282        283       215
215        211       282
220        215       283
217        220       284
283        284       220
218        217       273
284        273       217
285        282       211
211        213       285
286        285       213
287        288       289
289        290       291
290        289       288
288        292       290
291        293       294
293        291       290
290        295       293
295        290       292
292        296       295
294        297       298
297        294       293
299        300       301
298        301       300
301        298       297
293        302       297
302        293       295
295        303       302
303        295       296
297        304       301
304        297       302
301        305       299
305        301       304
306        299       305
302        307       304
307        302       303
304        308       305
308        304       307
305        309       306
309        305       308
310        306       309
311        312       313
314        313       312
312        315       314
313        314       316
317        316       314
315        318       319
314        319       317
319        314       315
320        319       318
316        317       321
322        317       319
319        320       322
323        321       317
317        322       323
324        322       320
321        323       325
326        323       322
322        324       326
327        325       323
323        326       327
328        326       324
329        327       326
326        328       329
330        329       328
331        332       333
334        333       332
332        335       334
336        334       335
335        337       336
338        336       337
% Data (material.boundary)
0
0
0
0
0
0
0
0
0
0
0
0
0
0
0
0
0
0
0
0
0
0
0
0
0
0
0
0
0
0
0
0
0
0
0
0
0
0
0
0
0
0
0
0
0
0
0
0
0
0
0
0
0
0
0
0
0
0
0
0
0
0
0
0
0
0
0
0
0
0
0
0
0
0
0
0
0
0
0
0
0
0
0
0
0
0
0
0
0
0
0
0
0
0
0
0
0
0
0
0
0
0
0
0
0
0
0
0
0
0
0
0
0
0
0
0
0
0
0
0
0
0
0
0
0
0
0
0
0
0
0
0
0
0
0
0
0
0
0
0
0
0
0
0
2
2
2
2
2
2
2
2
2
2
2
2
2
2
2
2
2
2
2
2
2
2
2
2
2
2
2
2
2
2
2
2
2
2
2
2
2
2
2
2
2
2
2
2
2
2
2
2
2
2
2
2
2
2
2
2
2
2
2
2
2
2
2
2
2
2
2
2
2
2
2
2
2
2
2
2
2
2
2
2
2
2
2
2
2
2
2
2
2
2
2
2
2
2
2
2
2
2
2
2
2
2
2
2
2
2
2
2
2
2
2
2
2
2
2
2
2
2
2
2
2
2
2
2
2
2
2
2
2
2
2
2
2
2
2
2
2
2
2
2
2
2
1
1
1
1
1
1
1
1
1
1
1
1
1
1
1
1
1
1
1
1
1
1
1
1
1
1
1
1
1
1
1
1
1
1
1
1
1
1
1
1
1
1
1
1
3
3
3
3
3
3
3
3
