% Model:              Cannon.mph
% Version:            COMSOL 6.0.0.405
% Date:               Nov 2 2022, 19:29
% Dimension:          3
% Nodes:              421
% Elements:           838
% Expressions:        1
% Description:        Material settings
% Length unit:        m
% Coordinates
-0.026140154076516216     -0.09103620580616524     -0.11592752726282714
-0.026486779360250037     -0.1117561901714556      -0.09601611571753407
-0.052527260773857845     -0.09505493079254354     -0.1030317281599212
-0.05447837333135765      -0.1127216290790821      -0.08207332804831945
-0.07800144731157892      -0.09512293548682273     -0.08530821391676623
-0.07992179371396738      -0.11934678306932237     -0.042177508941925006
-0.054151021804183685     -0.12929387418455646     -0.05254380016625093
-0.06918957304948942      -0.13041947424178377     -0.02477203503400714
-0.07701194104437667      -0.1103439718480749      -0.06560075314635282
-0.09955437352763116      -0.0904372008910727      -0.06572769132191288
-0.09872080517060447      -0.10250305828102287     -0.046447988863941046
-0.11683511563175271      -0.08065175972518396     -0.04748620229652163
-0.11352815534116562      -0.09422468874385706     -0.025360520025335304
-0.09243030957160005      -0.1157856138020458      -0.02145738821435849
-0.08316879362436588      -0.12447088742626894     0
-0.027227690133419646     -0.12861150008722114     -0.07160883280233807
-0.023295349203691786     -0.14160477159187065     -0.042608747551321074
-0.057287618999151566     -0.13830454674381415     0
-0.04307935090879337      -0.14155576674756615     -0.02272057274334647
-0.02920499060452862      -0.1468234265143157      0
-0.020346291843703276     -0.14695106825993776     -0.020037513455366026
-2.286493108104162E-17    -0.12447088742626897     -0.08316879362436583
-2.540613307160062E-17    -0.13830454674381415     -0.0572876189991515
-2.69710258980905E-17     -0.1468234265143157      -0.029204990604528563
-2.7499443874853818E-17   -0.14970000000000003     0
-0.10585388514362623      -0.10585388514362615     0
-1.944504324276801E-17    -0.1058538851436262      -0.10585388514362618
-1.5277859535153964E-17   -0.08316879362436586     -0.12447088742626891
-0.12447088742626897      -0.08316879362436577     0
-0.12981913291651956      -0.07030207263540171     -0.02479317067197624
-0.11294889999207774      -0.07144894884733752     -0.06743651606652122
-0.09914204926966928      -0.07199124411245228     -0.08601281786891873
-0.07693516033371167      -0.07495326541318924     -0.10427405769569965
-0.05155531226740174      -0.07243271643723766     -0.12043936800952347
-0.024884470582988313     -0.06647804899224675     -0.13180107027634047
-0.14170855250256292      -0.04244104105324325     -0.022968112285194398
-0.12942793185120463      -0.05458415997560255     -0.051759732770540544
-0.11608666511569737      -0.04916176281634469     -0.08072854054859041
-0.04804696464890155      -0.046962501967556275    -0.133776315530719
-0.022696086400169155     -0.04032775774487088     -0.1423680077032304
-1.0523564885712601E-17   -0.057287618999151524    -0.13830454674381415
-0.13830454674381415      -0.05728761899915147     0
-0.14160121189264185      -0.022762047622644138    -0.04290776128580509
-0.14682342651431568      -0.029204990604528552    0
-0.1470211177603945       -0.019908146898472253    -0.019963632423811908
-0.07346960357428167      -0.05061824267842359     -0.1202085723182258
-0.09614087736014884      -0.05199233544276985     -0.10229280891454356
-0.04118990549134614      -0.02310970569039533     -0.14205429662110644
-0.12976663783353576      -0.02580054899815442     -0.07003600057665922
-0.06720055972543482      -0.02503033937492888     -0.13140645677958204
-0.11211539347531417      -0.026335011517381303    -0.09563835901067565
-0.13830454674381412      1.6937422047733747E-17   -0.05728761899915151
-5.364869739444667E-18    -0.029204990604528573    -0.14682342651431574
-0.12447088742626894      1.5243287387361077E-17   -0.08316879362436586
-0.020651065308248697     -0.020651065308248694    -0.146823557385281
-0.1468234265143157       1.7980683932060338E-17   -0.02920499060452858
-0.14970000000000003      1.8332962583235882E-17   0
-0.09084303543780618      -0.02624424919927657     -0.11605547077329775
-0.05728761899915146      7.015709923808393E-18    -0.13830454674381418
-0.08316879362436577      1.0185239690102633E-17   -0.12447088742626894
-0.029204990604528514     3.576579826296437E-18    -0.1468234265143157
-0.10585388514362615      1.296336216184533E-17    -0.10585388514362619
9.166481291617941E-18     0                        -0.14970000000000003
-0.07049062945092005      -0.12969338657517426     0.024915590265444147
-0.09479601362008011      -0.1135636585806135      0.022958685753488816
-0.04268288388761483      -0.14169370270059742     0.022608760205529058
-0.05433177306215825      -0.1295279274383356      0.05177513350491147
-0.01985226949742316      -0.1470515984976443      0.019794059085728413
-0.023058291309354356     -0.14177013815680353     0.0421856981558182
-0.11464113086213404      -0.0936219446203084      0.022415008368568034
-0.10225286690372298      -0.09994801819789395     0.04432645788107798
-0.11782793987107551      -0.0818103237418043      0.04282216149378021
-0.10667005425120028      -0.0863990157281966      0.05972268921645134
-0.0814484843825119       -0.11676450019859114     0.046284834289051294
-0.07155552247465537      -0.11292098238667463     0.0673702377924215
-2.69710258980905E-17     -0.1468234265143157      0.029204990604528563
-0.0521215288016957       -0.11603448571995323     0.0789267657964013
-0.02589065486537335      -0.12986851367522417     0.0698135599037196
-2.540613307160062E-17    -0.13830454674381415     0.0572876189991515
-0.08967176526956665      -0.10007590960291857     0.06598391342280494
-0.0730706561705486       -0.09838455442685151     0.08597237147499988
-0.027016937162548292     -0.11345325296337587     0.0938537932018902
-2.286493108104162E-17    -0.12447088742626897     0.08316879362436583
-0.1298293225097766       -0.07113313405693378     0.022237676494874837
-0.12839474397844308      -0.06353305634358575     0.04345607518348638
-0.11717596195550095      -0.06746013906527892     0.06425740095192327
-0.09762365670410728      -0.07787708687704498     0.08255223189753141
-0.052771144673423885     -0.09709352043005648     0.10098586326983981
-0.0755744813748218       -0.07828449229774777     0.10281111822468714
-0.05096577581784995      -0.0789711256740528      0.11651669839579915
-1.944504324276801E-17    -0.1058538851436262      0.10585388514362618
-0.025147172851724887     -0.09443937333419164     0.11339715367596602
-0.14097075929706254      -0.043241844077292514    0.025835594516186108
-0.13161292980456452      -0.04401654105906406     0.05613083663597496
-0.023997546856286477     -0.07499278693039112     0.12731963577270122
-0.11455829878324096      -0.051044637910031596    0.08173696300036762
-0.09709129334687891      -0.052530738613420065    0.10111326449560837
-0.14740645451090573      -0.01798509770712064     0.01891992148476346
-0.07099611316145119      -0.0529887927559632      0.120672406780639
-0.043263888480967634     -0.06057632714954818     0.12988007754300623
-1.5277859535153964E-17   -0.08316879362436586     0.12447088742626891
-0.14166539995241773      -0.020447520351491392    0.04385092208605056
-0.1292156159435974       -0.02476534582965967     0.07141493010746496
-1.0523564885712601E-17   -0.057287618999151524    0.13830454674381415
-0.022459054467766266     -0.049008444113119415    0.13965619670471185
-0.11233572521582526      -0.027982119753861317    0.09490930309677326
-0.09198216675524312      -0.027039056743133866    0.1149706936982301
-0.1468234265143157       1.7980683932060338E-17   0.02920499060452858
-0.06825813118678849      -0.022355984518903905    0.13134354755022307
-0.046317762445877944     -0.03977316445116739     0.1366852233108891
-0.04949195734387075      -0.01725394400891068     0.1402245968951591
-0.13830454674381412      1.6937422047733747E-17   0.05728761899915151
-0.12447088742626894      1.5243287387361077E-17   0.08316879362436586
-5.364869739444667E-18    -0.029204990604528573    0.14682342651431574
-0.020651065308248697     -0.020651065308248694    0.146823557385281
-0.10585388514362615      1.296336216184533E-17    0.10585388514362619
-0.08316879362436577      1.0185239690102633E-17   0.12447088742626894
-0.05728761899915146      7.015709923808393E-18    0.13830454674381418
-0.029204990604528514     3.576579826296437E-18    0.1468234265143157
9.166481291617941E-18     0                        0.14970000000000003
-0.14672828827704243      0.019457265289171414     -0.022412368164831414
-0.14116795612503863      0.02127668800720266      -0.04504443040957821
-0.12958148442223522      0.023102337177290735     -0.07130926245500505
-0.043524013300044496     0.017323538939784916     -0.142181733232013
-0.020651065308248694     0.020651065308248697     -0.146823557385281
-0.04052691104638364      0.03421842328241723      -0.13998842448254015
-0.11151424032249031      0.02561648592050366      -0.09653217004906976
-0.1468234265143157       0.029204990604528556     0
-0.14027504967175664      0.04515104702911585      -0.026351155416049248
-0.1319115779234779       0.042893670517935446     -0.05629883337367671
-0.11610450287910826      0.04764120164883731      -0.08160974400554122
-0.09122196839223808      0.02548143347330086      -0.11592816323392374
-0.06258708923852417      0.027765328183599332     -0.13312412558024952
1.7882899131482207E-18    0.02920499060452856      -0.14682342651431574
-0.12784988280914653      0.06413118118532468      -0.04417792509231917
-0.02362669480539924      0.047678926083763465     -0.13992351232038006
-0.04865106294390772      0.05279082635271648      -0.13136320918516445
-0.0958937669705213       0.05201187857243388      -0.10251458405304954
-0.13830454674381418      0.05728761899915149      0
-0.12880836578022123      0.07280509526698752      -0.022757702172970226
-0.11738681606431707      0.06605996899554317      -0.06531849593024995
-0.10126746686858877      0.06930797087086876      -0.0857402783281119
-0.07153199609825635      0.053693209323763855     -0.1200429206855345
3.507854961904199E-18     0.057287618999151496     -0.13830454674381415
-0.11644887358101767      0.0830349328099952       -0.0442148139762202
-0.10312402671694511      0.08610075102213721      -0.06604684539860126
-0.02461256194336798      0.06916302908591361      -0.13046373903213473
-0.05124530805059886      0.0735623066694914       -0.11988575995614714
-0.07803280804651345      0.07768723617267936      -0.10141826366205611
-0.08902464582746086      0.08902890719676615      -0.08098491290755806
-0.12447088742626894      0.0831687936243658       0
-0.11254891580806098      0.09581878244965389      -0.023697942532969148
5.092619845051321E-18     0.08316879362436584      -0.12447088742626893
-0.09779720412586106      0.1029932966260318       -0.047309382951660865
-0.08576742490686017      0.10332390945989035      -0.06616803275578391
-0.02583520739784986      0.08987635208416857      -0.11689684937906865
-0.05037828834399995      0.0946936776244031       -0.10442808760814508
-0.07053640431210265      0.10007305953872135      -0.08613993511304224
-0.10585388514362622      0.10585388514362615      0
-0.09161943598689543      0.11578907383306465      -0.024675075082444705
6.481681080922668E-18     0.10585388514362619      -0.10585388514362613
-0.07707244110696627      0.11851426847754225      -0.049237150496817574
-0.06888527953871366      0.11417171608552491      -0.06804210100341976
-0.025065713869113642     0.11239588351416493      -0.0956502240316352
-0.04769792694878102      0.11632528546846922      -0.08126146519395216
-0.08316879362436584      0.12447088742626894      0
-0.06758975858105097      0.1311495364343552       -0.02532811931448901
7.621643693680543E-18     0.12447088742626901      -0.0831687936243658
-0.051491677238408765     0.1300111826234016       -0.05343958802273891
-0.025182418823857664     0.1295056758963084       -0.07074048128773337
-0.057287618999151524     0.13830454674381415      0
-0.04155144807909285      0.141983289888931        -0.022897872277708453
8.468711023866877E-18     0.13830454674381415      -0.05728761899915147
-0.022314520061858398     0.1418386948254376       -0.04235489162570608
-0.029204990604528594     0.14682342651431574      0
-0.01934715959288366      0.1471772525449692       -0.019355457860816955
8.99034196603017E-18      0.14682342651431574      -0.02920499060452854
9.166481291617941E-18     0.14970000000000003      0
-0.14703947489322117      0.019896949932468506     0.019839208817657692
-0.14176138614611503      0.02320609965911913      0.042134028249659464
-0.14173077824298036      0.04258772393308642      0.02255575910578832
-0.13018002159642802      0.02624737096819552      0.06909650855442313
-0.11344913509830289      0.02730951113801955      0.09377406009579307
-0.0925177736856744       0.02750259551123501      0.1144297111435301
-0.06825062239795256      0.026592597316557443     0.1305556444978597
-0.04232338999560267      0.023483417291025693     0.14165927351082838
-0.1295381618007298       0.05493063651719459      0.05111340146286301
-0.12940142076990538      0.07124214536345339      0.0242882487376608
-0.020651065308248694     0.020651065308248697     0.146823557385281
-0.11655145464544464      0.05349664001102873      0.07722666590991267
-0.0977540382634681       0.05434628266722089      0.09950235958729294
1.7882899131482207E-18    0.02920499060452856      0.14682342651431574
-0.07454308576978944      0.05308674616299513      0.1184703158843748
-0.04884781894075813      0.050218785403059456     0.13229532938608368
-0.022952716570900165     0.0446985456377995       0.14101525740103973
-0.11283304735430237      0.07220470597268133      0.06682270467543502
-0.11654716581832802      0.08229581406559068      0.045323803095028176
-0.11280082328300534      0.09586090075656646      0.02228793334555542
-0.09931575170333239      0.0723895731361744       0.08547643631296577
-0.07766997203502743      0.07460287329264796      0.10398017474768535
3.507854961904199E-18     0.057287618999151496     0.13830454674381415
-0.05141779933144463      0.07337442917145967      0.11992703221406653
-0.025356214268310376     0.067875663385849        0.13099636146821203
-0.0982595110474255       0.09213779029113807      0.06531298560766563
-0.09809552775223493      0.10318276397784502      0.04626742539738777
-0.0923168351340208       0.11569764457807406      0.022399709594628205
-0.07881944620312038      0.09564389501920029      0.08396326724103591
-0.053091140271731174     0.09670252683376383      0.10119309328512771
5.092619845051321E-18     0.08316879362436584      0.12447088742626893
-0.026013806834552174     0.09314956419889216      0.11426517642541442
-0.07767943535871162      0.11172822220374994      0.062392304698105416
-0.08063380558139191      0.11907363293112207      0.04159025532557724
-0.06952499387366566      0.13032087849664983      0.024348179700507247
-0.05442983695023995      0.1144090651619265       0.07973737303388141
-0.02614543005807954      0.11311547232073031      0.09450606546003369
6.481681080922668E-18     0.10585388514362619      0.10585388514362613
-0.057020504215757294     0.1285259561279203       0.05137928279359996
-0.04280621237008768      0.14176338869260496      0.021928515884946695
-0.025582515050589526     0.12965285169506846      0.07032611869727314
7.621643693680543E-18     0.12447088742626901      0.0831687936243658
-0.02353951869655732      0.14164178030044963      0.04235076307286089
-0.019417887477461725     0.14716923201416207      0.019345614342128885
8.468711023866877E-18     0.13830454674381415      0.05728761899915147
8.99034196603017E-18      0.14682342651431574      0.02920499060452854
0.01990816716020187       -0.147021118375381       -0.019963607689334903
0.025794006181520283      -0.12977295661705296     -0.07002670187847056
0.02276220520436579       -0.14160135717575398     -0.04290719823315081
0.054584917687534436      -0.12942720002266728     -0.051760763666483654
0.02621997685372731       -0.11213189469864064     -0.09565061947046126
0.026219929734597896      -0.09085818739035988     -0.11604910628200032
0.049059987634977056      -0.11609160241153539     -0.08078333654150399
0.02920499060452856       -0.14682342651431574     0
0.04243835059823639       -0.14170945081461253     -0.022967541190168646
0.057287618999151496      -0.13830454674381415     0
0.07029093492468655       -0.12983647604718007     -0.024733862518084838
0.0714409995317506        -0.11294876958087355     -0.06744515576430343
0.08067212166696267       -0.11682044578769522     -0.04748770611131837
0.02502711925638496       -0.06715255665129358     -0.13143160745011642
0.02310446992271668       -0.04114855855693629     -0.1420671306047837
0.05191076273953235       -0.09632893237890311     -0.1021572293014092
0.05160090030083502       -0.07354269068126233     -0.11974518669033617
0.07196809062833287       -0.09910168582659301     -0.08607868375875254
0.07467407114617663       -0.07700529659479692     -0.10442249467812535
0.08316879362436584       -0.12447088742626893     0
0.09395173461862912       -0.11379078789877797     -0.025195597860063215
0.10585388514362619       -0.10585388514362613     0
0.11491806715205899       -0.09339136228322369     -0.02195407235386042
0.020651065308248714      -0.02065106530824872     -0.146823557385281
0.07276126660690409       -0.050762789036551036    -0.1205778890634168
0.04710479769685931       -0.048051605994862356    -0.13372460953486637
0.040357221849710925      -0.022690865579299165    -0.14236049052962482
0.09093329130370979       -0.09914362956726827     -0.06566404837430415
0.1021754878000023        -0.0987448981431045      -0.047113743043187585
0.11832472212573789       -0.08133229358721923     -0.04236045506966726
0.09534799161760919       -0.0781830764186355      -0.08488967579279671
0.11045200418489894       -0.07765046113084784     -0.06465949781513747
0.09505562647134908       -0.05280057870644434     -0.10289128614418201
0.11302363742987763       -0.054555926721469805    -0.08160513612317051
0.06675442759113426       -0.025003977714789717    -0.13163866261633897
0.09119524906205372       -0.026083702815842377    -0.11581518465177533
0.11189198153146292       -0.026446811783147825    -0.09586887198392147
0.029204990604528573      0                        -0.14682342651431574
0.12447088742626901       -0.0831687936243658      0
0.12929880782159298       -0.05413030302610985     -0.052553007432651254
0.13007770849452008       -0.06983970445258365     -0.024744604155056305
0.05728761899915149       0                        -0.13830454674381415
0.12868997633308604       -0.027090599731588897    -0.0715197832601064
0.0831687936243658        0                        -0.12447088742626897
0.10585388514362618       0                        -0.10585388514362623
0.12447088742626891       0                        -0.08316879362436586
0.13830454674381415       -0.05728761899915147     0
0.14160471225099447       -0.02329616320808863     -0.042608499716549106
0.1415556084932612        -0.04308089688004526     -0.022718627337792147
0.14682342651431574       -0.02920499060452854     0
0.14695113306445373       -0.020346321946882868    -0.02003700761857958
0.13830454674381415       0                        -0.05728761899915155
0.1468234265143157        0                        -0.0292049906045286
0.14970000000000003       0                        0
0.01799174356928977       -0.1473856541011584      0.01907501319817682
0.02094545235004462       -0.1418365452989686      0.0430554577667645
0.04353529136682792       -0.14082722200919565     0.026123972645409946
0.07118157952535441       -0.12969803836082777     0.022840568767631495
0.06313824107284847       -0.12834093309360492     0.04418435703831964
0.02270891554971882       -0.13026502259878056     0.07018132972447114
0.04345908260039879       -0.13197078233287923     0.05572352061723609
0.04683121456122313       -0.11720711275733132     0.08049484493935566
0.025919949783836438      -0.1125839415124056      0.09520032729321175
0.09391416408047414       -0.11416082225322102     0.02361199795727297
0.0820745177376784        -0.11742747839193646     0.04341256565372313
0.05238990593070997       -0.0961232205998664      0.1021063867643978
0.06536357390012133       -0.11896001979563624     0.06313641498553133
0.07010611978533186       -0.10112607999703077     0.085256893639628
0.02750953730736623       -0.09131080877203666     0.11539346410664335
0.10109705206001361       -0.10082894378906465     0.044977774057377976
0.11450545314150468       -0.09392027420264915     0.02185345040394942
0.08586621176713796       -0.10392119701486277     0.06509584078694351
0.08888511265862153       -0.08976152404408548     0.08032680467283154
0.10283550053984361       -0.08685315853338836     0.06550937857661254
0.10029941614556637       -0.07149256756775589     0.08508190115076396
0.07838418008178756       -0.07889468922092832     0.10020797535944452
0.054469355708560784      -0.07525770019017916     0.11738593548964626
0.026896185994910986      -0.06575389664167294     0.13176915517435542
0.1182711542561215        -0.07937696400771058     0.04605780776202159
0.11388025662644921       -0.06967414148113514     0.06772659122944874
0.13093742190132043       -0.06805914547343556     0.025168119978682436
0.017375338324594626      -0.045831764282784626    0.14144835453561538
0.11633052616989435       -0.05138300905927066     0.07897521801837866
0.0958470097436137        -0.05311925274111037     0.10198914506668673
0.0766668389482991        -0.05367869004881338     0.11683699773752748
0.05456113770876795       -0.05102089107981909     0.1297306475947226
0.0342803655652547        -0.042150721809356285    0.13949287862705667
0.13016110951853227       -0.05104206809188743     0.053505914194673675
0.1416388002665896        -0.042862879515569545    0.02261224930596055
0.14704715996305479       -0.01986865915009131     0.019810581273079303
0.1299980884146456        -0.02563548446111781     0.06966641188536822
0.020651065308248714      -0.02065106530824872     0.146823557385281
0.1127823390058163        -0.027653643863299573    0.0944749172503418
0.04891343059979437       -0.02283139325214044     0.13962912944341244
0.09205076426433732       -0.02692820713075506     0.1149418046625098
0.07130896682923349       -0.023831933753359937    0.12944945030135413
0.14164724467937795       -0.023131546049361486    0.042556781505498194
0.1468234265143157        0                        0.02920499060452862
0.13830454674381415       0                        0.057287618999151566
0.12447088742626894       0                        0.08316879362436588
0.029204990604528552      0                        0.14682342651431568
0.10585388514362615       0                        0.10585388514362622
0.05728761899915147       0                        0.13830454674381415
0.0831687936243658        0                        0.12447088742626897
0.020651065308248718      0.020651065308248718     -0.146823557385281
0.039957132216933144      0.02292086005714524      -0.14243648324512684
0.022607235897600258      0.04004474854492766      -0.14246199843833363
0.06639697605773259       0.024439409842542274     -0.1319251561186764
0.08972473598037667       0.025939403898980286     -0.11699020932803426
0.1292367308627829        0.021859560728902886     -0.0723195478459319
0.11191430510540121       0.024145599313943864     -0.09644826772184997
0.0472199492015734        0.04680631359733056      -0.1341250737365284
0.07260062865804807       0.04971324567215046      -0.12111082496291002
0.09523543049165183       0.04866519243048874      -0.10474732371174578
0.02411361329975913       0.06601686210411464      -0.13217563153454573
0.14683044023896913       0.021862518219462748     -0.019311709306381576
0.1406783856301005        0.026186632112393388     -0.043976608726900596
0.11649876108122495       0.04327344492834197      -0.08345979649252344
0.12792534982398518       0.04338541043188773      -0.06452054737885965
0.10162441009784917       0.06662239096309432      -0.08743012235279549
0.13175619267549907       0.05428690162219434      -0.045862054074354015
0.05114095581874555       0.07157417727209793      -0.1211273288146297
0.07786755894171608       0.07603475644872568      -0.10278837033556544
0.0256589329163702        0.08962342327770782      -0.11712963400257871
0.14682342651431574       0.02920499060452854      0
0.1418178472563129        0.04303505930645742      -0.021113310258573957
0.11833158552116199       0.06313925363401836      -0.0664918079058393
0.08990261610827166       0.0870358343734451       -0.08217282489854524
0.10416084640425784       0.08374440870243585      -0.0674350212236046
0.11914770534177777       0.07709210590359776      -0.04765208829775857
0.13065385004483912       0.0689670743009937       -0.024149619682759218
0.13830454674381415       0.05728761899915147      0
0.051263393135845624      0.09394225513574826      -0.10467572413988702
0.06993930624248203       0.09907538801039566      -0.08776474766618925
0.026080080271221055      0.11127312023223208      -0.09668615271500823
0.08682429703514484       0.10197022315044714      -0.06688576107813203
0.10239342398315866       0.09889891064077216      -0.04631071365325394
0.11537746566962254       0.0923851572554551       -0.02373000494184337
0.12447088742626901       0.0831687936243658       0
0.06621800779286469       0.11687429860744025      -0.06607316981167931
0.04797413344431292       0.11529070597878033      -0.08256285869070723
0.023599900517556806      0.1289366970773436       -0.07230811048801347
0.08278432089720979       0.11643913794834602      -0.04470764327756328
0.09543892434112275       0.1129976765994445       -0.023087373253291667
0.10585388514362619       0.10585388514362613      0
0.06440443294760614       0.1275774143347729       -0.0445663815936519
0.04295432164143206       0.13180610575571744      -0.05649926316189479
0.021630031164082783      0.1409835066349462       -0.04545198135125574
0.07315691182497056       0.1285753950678135       -0.02294611155270455
0.08316879362436584       0.12447088742626893      0
0.04507039805847028       0.1403071239187845       -0.026318438336837145
0.019581693955097488      0.14671363133706267      -0.02239994736023662
0.057287618999151496      0.13830454674381415      0
0.02920499060452856       0.14682342651431574      0
0.1473882855825571        0.018017600616914483     0.019030221781260705
0.020651065308248718      0.020651065308248718     0.146823557385281
0.14173303471561344       0.02093126902854419      0.04340182999779425
0.14073257830592867       0.04396896308929815      0.025906788458193716
0.13017462342311653       0.023391462693635953     0.07012486641486067
0.13192976948348206       0.043189579225353        0.0560293331244648
0.11237382091135037       0.0257291441973788       0.09549987179391524
0.11647925776486587       0.046878283603919935     0.08151747688009237
0.04464544925097742       0.0229805800830754       0.1410275391553854
0.09027740485562845       0.026764423899199634     0.11637760001768772
0.06883607889822164       0.02529808379347559      0.1305055217157347
0.02346953040014578       0.04221461491356568      0.14169402750467644
0.1295579232796014        0.0714439778749661       0.022816497121124393
0.12829730923112503       0.06326655119267971      0.04412747380303028
0.11852974645260596       0.06559299836941146      0.06370516282681757
0.09433681336367782       0.05111240848805093      0.10439433577995141
0.09940381898972452       0.07029312633309642      0.08710824967003664
0.05009177328490607       0.04842699144467379      0.13249804054698724
0.07362958039695872       0.05139842822317744      0.11977886485834918
0.026760830205952567      0.06780753656435154      0.13075200171225798
0.11710873639960194       0.0825195497622302       0.04342991786691947
0.11420258496970774       0.09410131074779488      0.022645151838387795
0.10285570972197255       0.08683657245991676      0.06549963863261347
0.08756727448189924       0.08999077039906293      0.08150904049732684
0.07661729498823171       0.07819571517431485      0.10210440850944545
0.0522542700064322        0.07363718619846203      0.11940329172542909
0.026931943116429605      0.09141303921063512      0.11544876223783558
0.10018323098277143       0.10187357234345537      0.044667499234179675
0.09435775298425791       0.11384421555149327      0.02337090150650832
0.08434532895513155       0.10432685172388435      0.06642186005249553
0.06850653840184036       0.10110874729049094      0.08656769268927537
0.05150908004654461       0.09615509278271983      0.10252366948517407
0.026374952779444488      0.1119950542309218       0.09576826036686147
0.07952111552681335       0.11837408956815887      0.04554181709462986
0.0702283816979001        0.1303082664334798       0.022311882556057365
0.06425343034884302       0.11867050301829825      0.0647989074120116
0.04477531715360691       0.11623520649743302      0.08303395536943323
0.044800999554223835      0.14139284705921257      0.02027370808294744
0.02425022050352641       0.12948740043984872      0.07109873369379109
0.05633586800594862       0.13209660759695874      0.042271104047463
0.0205518468611637        0.14712094648010204      0.01852400327667418
0.04349295307307133       0.12859357798284077      0.0631042370570683
0.02616631109835776       0.1406270291880497       0.04415260836289724
% Elements (triangles)
1          2         3
4          3         2
4          5         3
6          7         8
9          4         7
6          9         7
9          5         4
5          9         10
6          11        9
10         11        12
11         10        9
13         12        11
6          8         14
11         14        13
6          14        11
14         8         15
2          16        4
16         7         4
16         17        7
8          18        15
19         18        8
8          7         19
19         7         17
19         20        18
21         20        19
21         19        17
16         2         22
22         23        16
17         16        23
17         23        24
21         17        24
21         25        20
21         24        25
14         15        26
26         13        14
27         22        2
2          1         27
28         27        1
26         29        13
30         13        29
12         13        30
31         10        12
31         32        10
10         32        5
5          33        3
33         5         32
3          34        1
34         3         33
1          35        28
35         1         34
30         36        37
12         30        37
31         12        37
31         37        38
31         38        32
34         39        35
40         35        39
41         28        35
35         40        41
30         29        42
42         36        30
36         43        37
36         42        44
45         36        44
45         43        36
39         34        46
33         46        34
32         38        47
46         33        47
32         47        33
48         40        39
49         37        43
38         37        49
48         39        50
46         50        39
38         49        51
38         51        47
43         52        49
40         53        41
54         49        52
49         54        51
55         53        40
55         40        48
43         56        52
45         56        43
45         44        57
45         57        56
58         47        51
50         46        58
47         58        46
50         59        48
59         50        60
58         60        50
48         59        61
55         48        61
62         51        54
60         58        62
51         62        58
61         63        55
53         55        63
15         64        65
64         66        67
15         18        64
18         66        64
66         18        20
68         66        20
68         20        25
68         69        66
66         69        67
65         26        15
26         65        70
71         70        65
72         70        71
70         29        26
73         72        71
74         65        64
71         65        74
74         64        67
75         74        67
68         25        76
68         76        69
75         67        77
78         67        69
77         67        78
69         76        79
79         78        69
71         74        80
73         71        80
75         80        74
75         77        81
75         81        80
82         77        78
83         78        79
78         83        82
84         42        29
29         70        84
72         84        70
85         84        72
85         72        86
73         86        72
73         80        87
80         81        87
73         87        86
77         82        88
81         77        88
81         88        89
89         87        81
90         89        88
91         82        83
92         82        91
92         88        82
90         88        92
42         93        44
42         84        93
85         93        84
85         94        93
85         86        94
95         90        92
86         96        94
86         87        96
87         89        97
97         96        87
98         44        93
98         57        44
99         97        89
89         90        99
100        90        95
100        99        90
91         101       92
95         92        101
98         93        102
102        93        94
94         103       102
94         96        103
101        104       95
105        95        104
100        95        105
106        103       96
96         97        106
107        106       97
97         99        107
98         108       57
108        98        102
109        107       99
100        105       110
100        110       99
110        109       99
111        109       110
102        112       108
112        102       103
113        112       103
103        106       113
104        114       105
115        105       114
105        115       110
111        110       115
116        113       106
106        107       116
117        116       107
109        117       107
109        118       117
111        118       109
119        111       115
111        119       118
114        120       115
119        115       120
56         57        121
122        52        56
121        122       56
123        54        52
52         122       123
124        61        59
61         124       125
61         125       63
124        126       125
62         54        127
123        127       54
128        121       57
121        128       129
121        129       122
130        123       122
122        129       130
131        127       123
123        130       131
60         62        132
127        132       62
59         60        133
124        59        133
132        133       60
124        133       126
134        63        125
135        130       129
125        136       134
126        136       125
126        137       136
126        133       137
132        127       138
131        138       127
139        129       128
139        140       129
135        129       140
141        131       130
135        141       130
142        138       131
141        142       131
133        132       143
137        133       143
138        143       132
144        134       136
135        140       145
135        145       141
146        141       145
146        142       141
136        147       144
136        137       147
148        147       137
137        143       148
143        149       148
143        138       149
142        149       138
150        142       146
150        149       142
140        139       151
140        151       152
145        140       152
147        153       144
145        152       154
146        145       154
155        146       154
150        146       155
156        153       147
147        148       156
157        156       148
157        148       149
158        157       149
150        158       149
150        155       158
159        152       151
152        159       160
154        152       160
153        156       161
154        160       162
155        154       162
163        155       162
163        158       155
164        161       156
156        157       164
165        164       157
158        165       157
163        165       158
166        160       159
160        166       167
167        162       160
161        164       168
162        167       169
163        162       169
163        169       165
170        168       164
165        170       164
165        169       170
171        167       166
171        172       167
167        172       169
168        170       173
173        170       174
170        169       174
174        169       172
172        171       175
176        172       175
176        174       172
174        177       173
176        177       174
176        175       178
176        178       177
179        57        108
179        128       57
180        108       112
179        108       180
179        181       128
179        180       181
181        139       128
112        113       182
180        112       182
116        183       113
182        113       183
117        184       116
183        116       184
118        185       117
184        117       185
186        118       119
186        185       118
182        187       180
181        180       187
139        181       188
188        181       187
151        139       188
189        186       119
119        120       189
183        190       182
190        187       182
184        191       183
190        183       191
192        189       120
185        193       184
191        184       193
186        194       185
193        185       194
189        192       195
189        195       186
195        194       186
196        187       190
197        188       187
196        197       187
151        188       198
197        198       188
198        159       151
199        190       191
196        190       199
200        191       193
199        191       200
195        192       201
194        202       193
200        193       202
195        201       203
195        203       194
202        194       203
196        204       197
196        199       204
197        205       198
205        197       204
159        198       206
206        198       205
206        166       159
200        207       199
204        199       207
202        208       200
207        200       208
201        209       203
210        203       209
203        210       202
208        202       210
207        211       204
205        204       211
212        206       205
212        205       211
206        213       166
212        213       206
213        171       166
208        214       207
211        207       214
210        215       208
214        208       215
209        216       210
215        210       216
212        217       213
211        214       217
212        211       217
171        213       218
213        217       218
218        175       171
215        219       214
214        219       217
216        220       215
219        215       220
219        221       217
218        217       221
222        175       218
222        218       221
222        178       175
220        223       219
223        221       219
221        223       224
222        224       178
222        221       224
225        25        24
22         226       23
227        24        23
225        24        227
227        23        226
226        228       227
27         229       22
226        22        229
28         230       27
229        27        230
231        226       229
231        228       226
225        232       25
225        233       232
225        227       233
233        227       228
233        234       232
234        233       235
235        233       228
236        228       231
237        235       228
236        237       228
41         238       28
230        28        238
238        41        239
230        240       229
231        229       240
238        241       230
240        230       241
242        231       240
236        231       242
241        243       240
242        240       243
239        41        53
235        244       234
235        245       244
237        245       235
246        244       245
246        245       247
248        239       53
243        241       249
239        250       238
250        241       238
250        249       241
248        251       239
239        251       250
236        252       237
236        242       252
253        247       245
245        237       253
252        253       237
254        247       253
243        255       242
252        242       255
254        253       256
255        256       252
253        252       256
249        257       243
255        243       257
258        255       257
256        255       258
251        259       250
249        250       259
259        260       249
257        249       260
260        261       257
258        257       261
53         63        248
248        262       251
262        248       63
247        263       246
256        258       264
254        256       264
247        265       263
254        265       247
254        264       265
251        262       266
259        251       266
261        267       258
267        264       258
266        268       259
260        259       268
268        269       260
261        260       269
269        270       261
267        261       270
265        271       263
267        272       264
271        265       273
265        264       273
273        264       272
273        274       271
275        274       273
275        273       272
270        276       267
272        267       276
272        276       277
275        272       277
275        278       274
275        277       278
279        76        25
279        280       76
279        25        232
280        79        76
234        281       232
279        232       281
279        281       280
234        282       281
283        281       282
284        83        79
79         280       284
285        284       280
280        281       285
283        285       281
285        286       284
284        287       83
286        287       284
282        234       244
91         83        287
288        244       246
282        244       288
289        282       288
283        282       289
286        290       287
291        286       285
283        289       291
283        291       285
292        290       286
286        291       292
287        293       91
293        287       290
289        288       294
246        295       288
294        288       295
295        246       263
294        296       289
296        291       289
296        292       291
297        292       296
298        296       294
297        296       298
101        91        293
297        298       299
292        300       290
297        299       300
297        300       292
290        301       293
301        290       300
293        302       101
293        301       302
104        101       302
294        295       303
298        294       303
304        298       303
304        299       298
271        305       263
263        305       295
303        295       305
306        104       302
304        307       299
299        307       308
299        308       300
309        300       308
300        309       301
310        302       301
310        301       309
306        302       311
311        302       310
306        114       104
303        305       312
304        303       312
304        312       307
313        271       274
313        305       271
305        313       312
314        313       274
314        274       278
312        315       307
114        306       316
306        311       316
317        307       315
307        317       308
311        318       316
311        310       318
319        308       317
308        319       309
318        310       320
319        320       309
310        309       320
114        316       120
314        321       313
315        312       321
321        312       313
314        278       322
314        322       321
321        322       323
321        323       315
324        315       323
315        324       317
316        318       325
325        120       316
326        317       324
317        326       319
327        325       318
318        320       327
328        319       326
320        328       327
320        319       328
262        63        329
134        329       63
330        266       262
329        330       262
329        134       331
329        331       330
266        332       268
332        266       330
268        333       269
333        268       332
334        276       270
269        335       270
334        270       335
335        269       333
331        134       144
330        336       332
330        331       336
332        337       333
337        332       336
333        338       335
338        333       337
339        331       144
331        339       336
340        278       277
276        341       277
340        277       341
276        334       341
342        334       335
342        335       338
343        341       334
343        334       342
344        342       338
345        341       343
144        153       339
346        336       339
336        346       337
338        337       347
344        338       347
337        346       347
348        339       153
339        348       346
340        349       278
340        350       349
340        341       350
350        341       345
343        342       351
351        342       344
343        351       345
352        344       347
353        351       344
352        353       344
354        345       351
351        353       354
355        350       345
345        354       355
350        356       349
356        350       355
153        161       348
357        346       348
357        347       346
358        347       357
352        347       358
359        348       161
348        359       357
352        360       353
352        358       360
353        361       354
360        361       353
355        354       362
361        362       354
355        363       356
362        363       355
161        168       359
360        358       364
365        357       359
358        357       365
365        364       358
366        359       168
365        359       366
361        360       367
360        364       367
361        368       362
367        368       361
362        369       363
368        369       362
168        173       366
370        367       364
366        371       365
364        365       371
370        364       371
372        366       173
371        366       372
367        373       368
370        373       367
368        374       369
373        374       368
372        173       177
370        375       373
372        375       371
370        371       375
376        372       177
376        375       372
374        373       377
377        373       375
177        178       376
378        376       178
377        375       378
376        378       375
379        322       278
379        278       349
325        380       120
192        120       380
381        323       322
379        381       322
356        382       349
379        349       382
379        382       381
383        324       323
323        381       383
384        383       381
381        382       384
326        324       385
324        383       385
386        385       383
383        384       386
380        325       387
387        325       327
328        326       388
385        388       326
327        328       389
387        327       389
388        389       328
380        390       192
380        387       390
390        201       192
391        356       363
356        391       382
392        382       391
392        384       382
393        386       384
392        393       384
388        385       394
386        394       385
395        394       386
386        393       395
387        396       390
387        389       396
389        388       397
397        396       389
394        397       388
390        398       201
390        396       398
201        398       209
392        391       399
392        399       393
400        363       369
363        400       391
399        391       400
393        399       401
401        395       393
402        395       401
397        394       403
395        403       394
402        403       395
404        398       396
396        397       404
404        397       403
405        209       398
398        404       405
209        405       216
399        400       406
406        401       399
407        369       374
369        407       400
406        400       407
401        406       408
402        401       408
402        408       409
402        409       403
410        405       404
404        403       410
409        410       403
411        216       405
405        410       411
216        411       220
406        407       412
412        408       406
413        374       377
374        413       407
412        407       413
414        408       412
408        414       409
415        411       410
414        415       409
409        415       410
416        377       378
377        416       413
417        220       411
415        417       411
417        223       220
418        413       416
418        412       413
412        418       414
419        178       224
419        378       178
419        416       378
420        417       415
420        415       414
420        414       418
223        421       224
419        224       421
417        421       223
419        421       416
420        421       417
416        421       418
420        418       421
% Data (material.boundary)
0
0
0
0
0
0
0
0
0
0
0
0
0
0
0
0
0
0
0
0
0
0
0
0
0
0
0
0
0
0
0
0
0
0
0
0
0
0
0
0
0
0
0
0
0
0
0
0
0
0
0
0
0
0
0
0
0
0
0
0
0
0
0
0
0
0
0
0
0
0
0
0
0
0
0
0
0
0
0
0
0
0
0
0
0
0
0
0
0
0
0
0
0
0
0
0
0
0
0
0
0
0
0
0
0
0
0
0
0
0
0
0
0
0
0
0
0
0
0
0
0
0
0
0
0
0
0
0
0
0
0
0
0
0
0
0
0
0
0
0
0
0
0
0
0
0
0
0
0
0
0
0
0
0
0
0
0
0
0
0
0
0
0
0
0
0
0
0
0
0
0
0
0
0
0
0
0
0
0
0
0
0
0
0
0
0
0
0
0
0
0
0
0
0
0
0
0
0
0
0
0
0
0
0
0
0
0
0
0
0
0
0
0
0
0
0
0
0
0
0
0
0
0
0
0
0
0
0
0
0
0
0
0
0
0
0
0
0
0
0
0
0
0
0
0
0
0
0
0
0
0
0
0
0
0
0
0
0
0
0
0
0
0
0
0
0
0
0
0
0
0
0
0
0
0
0
0
0
0
0
0
0
0
0
0
0
0
0
0
0
0
0
0
0
0
0
0
0
0
0
0
0
0
0
0
0
0
0
0
0
0
0
0
0
0
0
0
0
0
0
0
0
0
0
0
0
0
0
0
0
0
0
0
0
0
0
0
0
0
0
0
0
0
0
0
0
0
0
0
0
0
0
0
0
0
0
0
0
0
0
0
0
0
0
0
0
0
0
0
0
0
0
0
0
0
0
0
0
0
0
0
0
0
0
0
0
0
0
0
0
0
0
0
0
0
0
0
0
0
0
0
0
0
0
0
0
0
0
0
0
0
0
0
0
0
0
0
0
0
0
0
