% Model:              Box_wing_Ray_Matlab_test.mph
% Version:            COMSOL 6.0.0.405
% Date:               Oct 20 2022, 13:56
% Dimension:          3
% Nodes:              375
% Elements:           746
% Expressions:        1
% Description:        Material settings
% Length unit:        m
% Coordinates
-0.05999999999999999      -0.05110693785864322     0.06875421443036436
-0.06                     -0.048107100956695105    0.07777777777777779
-0.060000000000000005     -0.048107100956695105    0.06666666666666668
-0.05999999999999999      -0.049353470029452076    0.07718361114111132
-0.05999999999999999      -0.05133838008939755     0.08549663091669152
-0.06                     -0.0481071009566951      0.08888888888888889
-0.06                     -0.05299835388745569     0.10000000000000002
-0.06                     -0.0481071009566951      0.1
-0.05999999999999999      -0.05177092147881432     0.05886889167885157
-0.059999999999999984     -0.04810710095669509     0.05555555555555554
-0.06                     -0.0481071009566951      0.04444444444444445
-0.060000000000000005     -0.048107100956695105    0.03333333333333335
-0.05999999999999999      -0.05641881952419399     0.04902381990070112
-0.05999999999999999      -0.05270211084397809     0.0746673587210708
-0.06                     -0.0581071009566951      0.1
-0.05999999999999999      -0.04810710095669509     0.02222222222222222
-0.06                     -0.0481071009566951      0
-0.06                     -0.03699598984558398     -1.4017967482640867E-18
-0.05999999999999999      -0.04925147767283511     -0.003916054457690943
-0.05999999999999999      -0.025884878734472868    -2.8035934965281734E-18
-0.059999999999999984     -0.05810710095669509     0.045
-0.06000000000000001      -0.04810710095669511     0.011111111111111115
-0.05999999999999999      -0.0544609583515267      -0.005913676511141705
-0.059999999999999984     -0.0036626565122506514   -5.6071869930563476E-18
-0.06                     0.007448454598860461     -7.008983741320435E-18
-0.05999999999999999      -0.020973309384636415    -0.004289612601878365
-0.06                     -0.014773767623361763    -4.2053902447922605E-18
-0.06                     -0.0581071009566951      -0.01
-0.05999999999999999      -0.0019355934897434257   -0.006145164898343436
-0.060000000000000005     0.01855956570997157      -8.41078048958452E-18
-0.06                     0.0018928990433048941    -0.009999999999999998
-0.05999999999999999      0.029670676821082678     -9.812577237848607E-18
-0.06                     0.056308711465231524     -0.004415812421926648
-0.06                     0.0618928990433049       -0.01
-0.06000000000000001      0.0407817879321938       -1.1214373986112697E-17
-0.06                     0.0518928990433049       -1.845114969902605E-17
0.059999999999999984      -0.05810710095669509     0.045
0.06                      -0.0581071009566951      0.1
0                         -0.05810710095669509     0.04499999999999999
-2.6020852139652106E-18   -0.05810710095669509     0.1
0.06                      -0.0581071009566951      -0.01
3.2526065174565133E-18    -0.05810710095669509     -0.009999999999999998
0.06                      0.0018928990433049087    -0.009999999999999998
0                         0.001892899043304903     -0.01
0.06                      0.0618928990433049       -0.01
-3.2526065174565133E-18   0.0618928990433049       -0.009999999999999998
0.051646088410609234      0.0205684782916949       0.1
0.05000000000000001       0.02189289904330489      0.10000000000000002
0.05000000000000002       0.01189289904330489      0.1
0.05000000000000002       0.0018928990433048844    0.10000000000000003
0.05179634592260081       0.03309800817309529      0.1
0.05000000000000001       0.041892899043304885     0.10000000000000002
0.049999999999999996      0.03189289904330489      0.09999999999999999
-0.03799999999999999      -0.04810710095669509     0.1
-0.037770303611531414     -0.051276514753062656    0.1
-0.026999999999999996     -0.04810710095669509     0.1
-0.048999999999999995     -0.04810710095669509     0.10000000000000002
-0.05340835453124474      -0.05112358418489031     0.1
0.054777469488506356      0.01842848463614471      0.1
0.05000000000000001       -0.00810710095669511     0.1
0.054152354580762965      0.039019160574317265     0.1
0.05                      0.05189289904330488      0.1
0.05000000000000002       -0.018107100956695113    0.10000000000000002
0.06                      0.0018928990433049022    0.1
0.05000000000000002       -0.028107100956695108    0.10000000000000002
0.03900000000000001       -0.04810710095669509     0.1
0.028000000000000008      -0.04810710095669509     0.1
0.05                      -0.0481071009566951      0.1
0.05000000000000003       -0.03810710095669511     0.1
0.01700000000000001       -0.0481071009566951      0.1
-0.005000000000000001     -0.0481071009566951      0.1
0.006000000000000011      -0.04810710095669509     0.1
-0.016                    -0.04810710095669509     0.1
0.06                      0.0618928990433049       0.1
0.05                      0.0618928990433049       0.1
-0.049                    -0.04810710095669509     0.08888888888888889
0.03900000000000001       -0.0481071009566951      0.07777777777777779
0.05000000000000001       -0.048107100956695105    0.07777777777777779
0.03900000000000001       -0.0481071009566951      0.06666666666666668
0.03900000000000001       -0.0481071009566951      0.08888888888888889
0.05                      -0.0481071009566951      0.08888888888888889
0.02800000000000001       -0.0481071009566951      0.08888888888888889
-0.02700000000000001      -0.04810710095669509     0.08888888888888889
-0.015999999999999986     -0.04810710095669509     0.08888888888888889
-0.026999999999999996     -0.04810710095669509     0.07777777777777779
-0.015999999999999986     -0.04810710095669509     0.07777777777777779
-0.049                    -0.04810710095669509     0.06666666666666668
-0.03799999999999999      -0.04810710095669509     0.06666666666666668
-0.049                    -0.04810710095669509     0.05555555555555554
-0.03799999999999999      -0.04810710095669509     0.05555555555555554
-0.02700000000000001      -0.04810710095669509     0.06666666666666668
-0.016                    -0.04810710095669509     0.06666666666666668
0.02800000000000001       -0.0481071009566951      0.06666666666666668
0.017000000000000022      -0.0481071009566951      0.08888888888888889
0.017000000000000022      -0.0481071009566951      0.07777777777777779
0.028000000000000004      -0.0481071009566951      0.07777777777777779
0.006000000000000005      -0.0481071009566951      0.08888888888888889
0.006000000000000012      -0.0481071009566951      0.07777777777777779
0.006000000000000012      -0.0481071009566951      0.06666666666666668
0.017000000000000022      -0.0481071009566951      0.06666666666666668
0.03899999999999999       -0.0481071009566951      0.022222222222222227
0.027999999999999997      -0.0481071009566951      0.022222222222222227
0.03900000000000001       -0.0481071009566951      0.033333333333333354
0.02800000000000001       -0.0481071009566951      0.033333333333333354
0.017000000000000015      -0.0481071009566951      0.033333333333333354
0.017000000000000022      -0.0481071009566951      0.022222222222222227
0.02800000000000001       -0.0481071009566951      0.04444444444444444
0.006000000000000012      -0.0481071009566951      0.05555555555555554
0.027999999999999997      -0.0481071009566951      0.05555555555555554
0.03899999999999999       -0.0481071009566951      0.05555555555555554
0.017000000000000008      -0.0481071009566951      0.05555555555555554
0.017000000000000022      -0.0481071009566951      0.04444444444444445
-0.0050000000000000044    -0.04810710095669509     0.06666666666666668
-0.005000000000000011     -0.04810710095669509     0.07777777777777779
0.006000000000000005      -0.0481071009566951      0.033333333333333354
-0.005000000000000011     -0.04810710095669509     0.05555555555555554
-0.016                    -0.04810710095669509     0.05555555555555554
-0.015999999999999986     -0.04810710095669509     0.04444444444444444
-0.005000000000000018     -0.04810710095669509     0.08888888888888889
-0.03799999999999999      -0.04810710095669509     0.07777777777777779
-0.04899999999999999      -0.04810710095669509     0.07777777777777779
-0.038000000000000006     -0.04810710095669509     0.08888888888888889
-0.026999999999999996     -0.04810710095669509     0.05555555555555554
-0.026999999999999996     -0.04810710095669509     0.044444444444444446
-0.049                    -0.04810710095669509     0.04444444444444445
-0.03799999999999999      -0.04810710095669509     0.04444444444444445
-0.03799999999999999      -0.04810710095669509     0.033333333333333354
-0.049                    -0.04810710095669509     0.033333333333333354
0.02800000000000001       -0.0481071009566951      0.0111111111111111
0.03900000000000001       -0.0481071009566951      0.011111111111111113
0.05000000000000001       -0.048107100956695105    0.06666666666666668
0.03900000000000001       -0.0481071009566951      0.04444444444444447
0.05                      -0.0481071009566951      0.04444444444444445
0.05000000000000001       -0.048107100956695105    0.03333333333333335
0.04999999999999999       -0.04810710095669509     0.05555555555555554
0.006000000000000005      -0.0481071009566951      0.022222222222222227
-0.02700000000000001      -0.04810710095669509     0.033333333333333354
-0.005000000000000011     -0.04810710095669509     0.033333333333333354
-0.005000000000000018     -0.04810710095669509     0.022222222222222227
-0.016                    -0.04810710095669509     0.03333333333333337
-0.02699999999999997      -0.04810710095669509     0.022222222222222227
0.04999999999999999       -0.04810710095669509     0.02222222222222222
0.05                      -0.04810710095669511     0.011111111111111115
-0.015999999999999986     -0.04810710095669509     0.02222222222222224
-0.015999999999999986     -0.04810710095669509     0.011111111111111127
-0.005000000000000011     -0.04810710095669509     0.0111111111111111
0.017000000000000022      -0.0481071009566951      0.011111111111111113
0.006000000000000012      -0.0481071009566951      0.011111111111111113
0.006000000000000005      -0.0481071009566951      0.04444444444444445
-0.005000000000000011     -0.04810710095669509     0.044444444444444446
-0.03799999999999999      -0.04810710095669509     0.022222222222222227
-0.03799999999999999      -0.04810710095669509     0.011111111111111113
-0.027000000000000038     -0.04810710095669509     0.0111111111111111
-0.049                    -0.04810710095669509     0.011111111111111113
-0.049                    -0.04810710095669509     0.022222222222222227
0.03900000000000001       -0.04810710095669509     0
0.028000000000000008      -0.04810710095669509     0
0.05                      -0.0481071009566951      0
0.01700000000000001       -0.0481071009566951      0
-0.026999999999999996     -0.04810710095669509     0
0.006000000000000011      -0.04810710095669509     0
-0.016                    -0.04810710095669509     0
-0.005000000000000001     -0.0481071009566951      0
-0.048999999999999995     -0.04810710095669509     0
-0.03799999999999999      -0.04810710095669509     0
-0.04899999999999999      -0.03710710095669509     0
-0.04899999999999999      -0.02610710095669508     0
0.03900000000000002       -0.03799598984558399     0
0.05000000000000003       -0.03810710095669511     0
0.02800000000000001       -0.027662656512250645    0
0.027999999999999997      -0.037884878734472875    0
0.03900000000000001       -0.027884878734472873    0
0.017000000000000015      -0.03777376762336178     0
0.017000000000000008      -0.027440434290028445    0
0.006000000000000007      -0.037662656512250654    0
0.02800000000000001       -0.01744043429002844     0
0.03900000000000001       -0.01777376762336178     0
0.039                     -0.007662656512250659    0
0.017000000000000008      -0.01710710095669511     0
0.0060000000000000105     -0.02721821206780621     0
-0.005000000000000001     -0.03755154540113954     0
0.02800000000000001       -0.007218212067806211    0
0.017000000000000005      -0.0067737676233617684   0
0.017000000000000015      0.003559565709971553     0
0.006000000000000014      -0.00632932317891732     0
0.027999999999999987      0.03367067682108268      0
0.028000000000000004      0.023448454598860455     0
0.03899999999999998       0.03278178793219379      0
0.03899999999999999       0.02267067682108268      0
0.05000000000000002       -0.018107100956695113    0
0.05000000000000002       -0.028107100956695108    0
0.05000000000000001       -0.00810710095669511     0
0.05000000000000002       0.0018928990433048844    0
0.02800000000000001       0.0030040101544159996    0
0.03899999999999999       0.0024484545988604487    0
0.05000000000000002       0.01189289904330489      0
0.039000000000000014      0.012559565709971557     0
0.05000000000000001       0.02189289904330489      0
0.049999999999999996      0.03189289904330489      0
-0.049                    -0.0151071009566951      0
-0.04899999999999998      -0.004107100956695097    0
-0.016                    -0.03744043429002843     0
-0.026999999999999986     -0.037329323178917316    0
-0.004999999999999994     -0.02699598984558399     0
-0.01599999999999999      -0.02677376762336177     0
-0.038                    -0.015440434290028428    0
-0.026999999999999982     -0.026551545401139538    0
-0.03799999999999999      -0.0372182120678062      0
-0.03799999999999998      -0.02632932317891732     0
-0.026999999999999993     -0.015773767623361766    0
-0.026999999999999986     -0.004995989845583993    0
-0.03799999999999998      -0.004551545401139544    0
-0.026999999999999993     0.005781787932193782     0
-0.037999999999999985     0.006337343487749343     0
-0.04899999999999998      0.006892899043304906     0
-0.0049999999999999975    -0.016440434290028443    0
0.006000000000000007      0.004115121265527112     0
0.0060000000000000105     -0.016773767623361774    0
-0.004999999999999999     0.004670676821082673     0
-0.004999999999999994     -0.00588487873447288     0
0.017000000000000005      0.013892899043304895     0
0.028000000000000004      0.013226232376638234     0
0.017000000000000008      0.024226232376638228     0
0.017                     0.03455956570997156      0
0.05000000000000001       0.041892899043304885     0
0.028000000000000004      0.04389289904330489      0
0.039                     0.04289289904330489      0
0.017000000000000008      0.04489289904330489      0
0.0185                    0.05339289904330489      0
0.029000000000000005      0.05289289904330488      0
0.020000000000000004      0.06189289904330491      0
0.03                      0.061892899043304916     0
0.0395                    0.05239289904330488      0
0.039999999999999994      0.06189289904330491      0
0.05                      0.05189289904330488      0
0.009999999999999995      0.06189289904330491      0
0.007999999999999993      0.0538928990433049       0
0.005999999999999997      0.014559565709971562     0
-0.004999999999999999     0.015226232376638227     0
0.005999999999999997      0.035448454598860465     0
0.006000000000000009      0.025004010154416015     0
-0.004999999999999996     0.025781787932193784     0
-0.016                    0.015892899043304903     0
-0.015999999999999997     0.026559565709971568     0
0.006000000000000005      0.045892899043304895     0
-0.005000000000000001     0.03633734348774935      0
-0.015999999999999993     -0.01610710095669511     0
-0.016                    0.005226232376638232     0
-0.015999999999999986     -0.005440434290028429    0
-0.027000000000000003     0.016559565709971562     0
-0.03799999999999999      0.017226232376638232     0
-0.04899999999999999      0.0178928990433049       0
0.05                      0.0618928990433049       0
1.0842021724855044E-18    0.0618928990433049       0
-0.0025000000000000022    0.05439289904330489      0
-0.026999999999999986     0.027337343487749334     0
-0.016                    0.03722623237663824      0
-0.0049999999999999975    0.04689289904330489      0
-0.03799999999999999      0.02811512126552712      0
-0.048999999999999974     0.0288928990433049       0
-0.010000000000000002     0.06189289904330491      0
-0.048999999999999995     0.03989289904330491      0
-0.013000000000000001     0.05489289904330491      0
-0.026999999999999996     0.038115121265527116     0
-0.015999999999999997     0.047892899043304904     0
-0.037999999999999985     0.03900401015441602      0
-0.04899999999999998      0.0508928990433049       0
-0.05500000000000001      0.05689289904330491      -1.3997193495380832E-17
-0.02                     0.06189289904330489      0
-0.038000000000000006     0.04989289904330489      0
-0.0235                   0.05539289904330488      0
-0.026999999999999996     0.04889289904330489      0
-0.04449999999999999      0.056392899043304905     0
-0.05                     0.0618928990433049       -1.387778780781446E-17
-0.039999999999999994     0.0618928990433049       0
-0.03                     0.0618928990433049       0
-0.034                    0.05589289904330489      0
-0.05629092236020706      0.0581853431590686       -0.002583366475970808
-0.054404931546915024     0.06189289904330489      -0.004404931546915026
0.050000000000000024      0.061892899043304916     0.0888888888888889
0.05365824017246625       0.0618928990433049       0.0747888342914792
0.05000000000000002       0.06189289904330491      0.06666666666666667
0.05000000000000001       0.061892899043304896     0.07777777777777778
0.05000000000000002       0.0618928990433049       0.05555555555555556
0.049999999999999996      0.06189289904330489      0.04444444444444444
0.059999999999999984      0.06189289904330489      0.045
0.05000000000000001       0.0618928990433049       0.03333333333333333
0.05                      0.061892899043304896     0.022222222222222223
0.05337391665529791       0.0618928990433049       0.02033817454978916
0.05000000000000001       0.06189289904330491      0.011111111111111112
0.019909115513817507      0.0618928990433049       -8.701278151715813E-4
0.05630584508182218       0.0618928990433049       -0.0042349484902211715
0.01635844045082316       0.0618928990433049       -0.003525144238690034
-0.030053926038268647     0.0618928990433049       -0.0026607397320372594
0.05000000000000002       -0.018107100956695106    0.08888888888888889
0.05000000000000002       -0.008107100956695118    0.08888888888888889
0.05000000000000002       -0.018107100956695106    0.07777777777777779
0.05000000000000002       -0.008107100956695104    0.07777777777777778
0.05000000000000002       -0.028107100956695125    0.07777777777777779
0.05000000000000002       -0.028107100956695115    0.06666666666666668
0.05000000000000002       -0.028107100956695115    0.08888888888888889
0.05000000000000002       -0.018107100956695106    0.06666666666666668
0.05000000000000002       -0.008107100956695104    0.06666666666666668
0.05000000000000002       -0.01810710095669508     0.05555555555555555
0.05000000000000002       0.001892899043304884     0.07777777777777778
0.05000000000000002       0.001892899043304884     0.08888888888888889
0.05000000000000002       0.011892899043304893     0.0888888888888889
0.05000000000000002       0.011892899043304893     0.07777777777777779
0.05000000000000002       0.001892899043304891     0.06666666666666668
0.05000000000000002       0.011892899043304893     0.06666666666666668
0.05000000000000002       -0.008107100956695097    0.05555555555555555
0.05000000000000002       -0.018107100956695106    0.04444444444444445
0.05000000000000002       -0.008107100956695111    0.04444444444444444
0.05000000000000002       0.001892899043304891     0.05555555555555556
0.05000000000000002       0.011892899043304886     0.05555555555555555
0.05000000000000002       0.021892899043304884     0.0888888888888889
0.05                      0.0318928990433049       0.08888888888888889
0.05                      0.041892899043304885     0.0888888888888889
0.05                      0.03189289904330489      0.07777777777777778
0.05000000000000002       -0.018107100956695106    0.033333333333333354
0.05000000000000002       -0.008107100956695104    0.033333333333333354
0.05000000000000002       -0.018107100956695106    0.022222222222222227
0.05000000000000002       -0.028107100956695125    0.05555555555555554
0.05000000000000002       -0.03810710095669511     0.07777777777777779
0.05000000000000002       -0.03810710095669511     0.06666666666666668
0.05000000000000002       -0.03810710095669511     0.05555555555555554
0.05000000000000002       -0.028107100956695115    0.033333333333333354
0.05000000000000002       -0.038107100956695124    0.044444444444444446
0.05000000000000002       -0.028107100956695115    0.04444444444444445
0.05000000000000002       -0.03810710095669511     0.033333333333333354
0.05000000000000002       -0.03810710095669508     0.022222222222222227
0.05000000000000002       -0.038107100956695096    0.08888888888888889
0.05000000000000002       -0.028107100956695115    0.022222222222222227
0.05000000000000002       -0.03810710095669511     0.011111111111111113
0.05000000000000002       -0.008107100956695111    0.02222222222222224
0.05000000000000002       -0.018107100956695106    0.011111111111111113
0.05000000000000002       -0.028107100956695115    0.011111111111111113
0.05000000000000002       -0.008107100956695111    0.011111111111111113
0.05000000000000002       0.001892899043304884     0.022222222222222227
0.05000000000000002       0.001892899043304891     0.03333333333333334
0.05000000000000002       0.011892899043304886     0.03333333333333334
0.05000000000000002       0.021892899043304895     0.06666666666666665
0.05                      0.05189289904330488      0.0888888888888889
0.05                      0.041892899043304885     0.07777777777777778
0.05                      0.05189289904330488      0.07777777777777778
0.05                      0.041892899043304885     0.06666666666666667
0.05                      0.05189289904330488      0.06666666666666667
0.05000000000000002       0.021892899043304888     0.07777777777777778
0.05                      0.041892899043304885     0.05555555555555556
0.05                      0.03189289904330489      0.06666666666666665
0.05000000000000002       0.001892899043304891     0.04444444444444445
0.05000000000000002       0.011892899043304886     0.044444444444444446
0.05000000000000002       0.021892899043304888     0.04444444444444445
0.05000000000000002       0.021892899043304895     0.03333333333333331
0.05000000000000002       0.02189289904330489      0.05555555555555555
0.05                      0.03189289904330489      0.05555555555555554
0.05                      0.03189289904330489      0.04444444444444445
0.05                      0.03189289904330489      0.03333333333333334
0.05                      0.04189289904330487      0.04444444444444443
0.05                      0.05189289904330488      0.05555555555555556
0.05000000000000002       0.001892899043304884     0.011111111111111086
0.05                      0.041892899043304885     0.033333333333333326
0.05000000000000002       0.011892899043304893     0.022222222222222227
0.05000000000000002       0.011892899043304893     0.011111111111111113
0.05000000000000002       0.021892899043304888     0.022222222222222227
0.05                      0.03189289904330489      0.02222222222222224
0.05000000000000002       0.02189289904330489      0.0111111111111111
0.05                      0.03189289904330489      0.0111111111111111
0.05                      0.051892899043304866     0.04444444444444444
0.05                      0.05189289904330488      0.033333333333333326
0.05                      0.041892899043304885     0.022222222222222227
0.05                      0.05189289904330488      0.022222222222222227
0.05                      0.04189289904330489      0.011111111111111113
0.05                      0.05189289904330488      0.011111111111111113
0.06                      0.0018928990433049048    0.04499999999999999
% Elements (triangles)
1          2         3
4          2         1
5          6         2
2          4         5
6          5         7
8          6         7
3          9         1
9          3         10
11         12        13
9          13        1
13         10        11
10         13        9
4          14        5
14         4         1
1          13        14
5          14        15
7          5         15
12         16        13
17         18        19
18         20        19
14         21        15
13         21        14
21         13        16
16         22        21
19         23        17
17         23        22
24         25        26
27         24        26
19         26        23
26         20        27
20         26        19
22         28        21
23         28        22
23         26        28
26         29        28
29         26        30
25         30        26
29         31        28
31         29        32
30         32        29
33         34        31
32         33        31
35         33        32
36         33        35
37         38        39
40         39        38
39         40        21
15         21        40
41         37        42
39         42        37
42         39        28
21         28        39
41         42        43
44         43        42
42         28        44
43         44        45
31         44        28
46         45        44
34         46        31
44         31        46
47         48        49
49         50        47
51         52        53
53         48        51
48         47        51
54         55        56
54         57        55
58         57        8
57         58        55
7          58        8
59         47        50
50         60        59
61         52        51
47         59        61
51         47        61
52         61        62
60         63        64
63         65        64
64         59        60
66         67        38
65         38        64
68         66        38
69         38        65
68         38        69
70         40        67
71         40        72
67         40        38
72         40        70
71         73        40
73         56        40
56         55        40
55         15        40
58         15        55
7          15        58
62         61        74
75         62        74
59         64        74
61         59        74
57         54        76
76         6         57
6          76        2
8          57        6
77         78        79
80         81        77
78         77        81
80         82        66
66         68        80
81         80        68
83         84        85
86         85        84
87         88        89
90         89        88
85         86        91
88         91        90
91         88        85
92         91        86
79         93        77
94         82        95
82         80        96
77         96        80
96         77        93
96         95        82
97         94        98
95         98        94
98         95        99
95         96        100
93         100       96
100        99        95
101        102       103
104        103       102
105        104       106
102        106       104
104        105       107
99         100       108
93         79        109
110        109       79
109        110       107
100        93        111
109        111       93
111        108       100
111        109       112
107        112       109
112        107       105
99         113       98
98         114       97
114        98        113
86         114       92
113        92        114
105        115       112
113        99        116
108        116       99
92         113       117
116        117       113
117        116       118
119        97        114
84         119       86
114        86        119
67         66        82
82         94        67
97         119       72
71         72        119
119        84        71
70         67        94
72         70        97
94         97        70
56         73        83
84         83        73
73         71        84
120        85        88
88         87        120
85         120       83
121        120       87
121        2         76
2          121       3
87         3         121
54         56        122
83         122       56
122        83        120
122        76        54
76         122       121
120        121       122
91         92        123
117        123       92
123        90        91
123        117       124
118        124       117
89         90        125
90         123       126
124        126       123
126        125       90
3          87        10
89         10        87
10         89        11
125        11        89
126        124       127
125        126       128
127        128       126
11         125       12
128        12        125
102        101       129
130        129       101
131        79        78
79         131       110
132        133       103
132        107       110
107        132       104
103        104       132
134        103       133
103        134       101
135        110       131
110        135       132
133        132       135
115        105       136
106        136       105
124        118       137
137        127       124
138        115       139
136        139       115
140        137       118
137        140       141
142        101       134
101        142       130
143        130       142
140        138       144
139        144       138
144        141       140
144        139       145
139        136       146
146        145       139
106        102       147
129        147       102
136        106       148
147        148       106
148        146       136
108        111       149
112        149       111
149        112       115
115        138       149
116        108       150
149        150       108
150        118       116
150        149       138
118        150       140
138        140       150
127        137       151
141        151       137
151        141       152
141        144       153
145        153       144
153        152       141
152        154       151
128        127       155
151        155       127
155        151       154
12         128       16
155        16        128
130        143       156
129        130       157
156        157       130
158        156       143
147        129       159
157        159       129
153        145       160
148        147       161
159        161       147
145        146       162
162        160       145
146        148       163
161        163       148
163        162       146
154        152       164
164        17        154
152        153       165
160        165       153
165        164       152
16         155       22
154        22        155
22         154       17
166        167       18
18         17        166
168        156       169
156        168       157
158        169       156
170        171       172
168        172       171
171        157       168
157        171       159
171        170       173
173        159       171
174        173       170
173        174       175
170        176       174
176        170       177
172        177       170
177        178       176
179        174       176
174        179       180
180        175       174
175        180       181
182        176       178
183        179       182
176        182       179
183        184       185
186        187       188
189        188       187
177        172       190
191        190       172
172        168       191
169        191       168
178        177       192
190        192       177
192        193       178
184        183       194
182        194       183
194        182       195
178        195       182
195        178       193
193        196       195
195        197       194
189        197       198
196        198       197
197        195       196
188        189       199
198        199       189
175        161       173
159        173       161
181        163       175
161        175       163
163        181       162
167        200       20
20         18        167
200        201       27
27         20        200
24         27        201
202        162       181
203        160       202
162        202       160
204        181       180
181        204       202
205        202       204
202        205       203
200        167       206
207        203       205
203        207       208
209        208       207
209        206       167
167        166       209
208        209       166
206        209       210
207        210       209
210        211       206
212        206       211
201        200       212
206        212       200
211        213       212
166        164       208
164        166       17
208        165       203
160        203       165
165        208       164
214        212       213
212        214       201
215        201       214
201        215       24
25         24        215
204        216       205
217        185       184
185        218       183
179        183       218
218        185       216
218        180       179
216        204       218
180        218       204
219        220       217
185        217       220
220        216       185
184        221       217
187        222       189
197        189       222
222        187       221
221        184       222
194        222       184
222        194       197
187        186       223
223        221       187
224        223       186
199        225       188
186        226       224
226        186       227
188        227       186
227        188       225
228        224       226
228        226       229
230        229       226
229        230       231
232        231       230
227        233       226
230        226       233
230        233       232
234        232       233
233        227       235
225        235       227
231        236       229
237        229       236
229        237       228
221        223       238
238        217       221
217        238       219
239        219       238
224        228       240
240        241       224
223        224       241
241        238       223
238        241       239
241        240       242
242        239       241
239        242       243
244        243       242
245        228       237
245        240       228
240        245       246
246        242       240
242        246       244
216        220       247
247        205       216
210        207       247
205        247       207
243        248       239
219        239       248
248        243       213
213        211       248
248        249       219
220        219       249
249        248       211
249        247       220
211        210       249
247        249       210
243        244       250
250        213       243
213        250       214
251        214       250
214        251       215
252        215       251
30         25        252
215        252       25
235        253       233
234        233       253
236        254       237
255        237       254
237        255       245
256        250       244
250        256       251
257        244       246
244        257       256
258        245       255
258        246       245
246        258       257
259        251       256
251        259       252
260        252       259
32         30        260
252        260       30
254        261       255
35         32        262
260        262       32
255        263       258
263        255       261
264        256       257
256        264       259
265        258       263
265        257       258
257        265       264
266        259       264
262        260       266
259        266       260
36         35        267
262        267       35
268        36        267
263        261       269
267        262       270
266        270       262
263        271       265
269        271       263
271        272       265
272        264       265
270        266       272
264        272       266
273        267       270
267        273       268
274        268       273
273        275       274
271        269       276
276        277       271
277        270       272
272        271       277
270        277       273
275        273       277
277        276       275
33         36        278
33         278       34
279        34        278
268        278       36
268        274       278
279        278       274
75         74        280
281        282       283
283        280       281
282        281       284
280        74        281
284        281       285
285        286       287
281        74        286
286        285       281
288        287       289
287        286       289
289        290       288
231        232       291
232        234       291
291        236       231
289        286       45
292        289       45
290        289       292
253        290       292
291        234       293
234        253       293
293        254       291
236        291       254
293        253       46
254        293       46
292        45        46
253        292       46
279        46        34
254        46        261
274        294       279
294        46        279
261        46        269
269        46        294
275        294       274
276        269       294
276        294       275
295        296       297
298        297       296
297        299       295
299        297       300
301        295       299
297        298       302
302        300       297
303        302       298
302        303       304
298        305       303
296        306       298
305        298       306
306        307       305
49         48        307
307        306       49
308        305       307
305        308       309
309        303       305
310        309       308
303        309       311
311        304       303
304        311       312
313        312       311
309        310       314
314        311       309
311        314       313
315        314       310
48         53        316
317        316       53
316        307       48
307        316       308
50         49        306
306        296       50
317        318       319
53         52        317
318        317       52
312        313       320
321        320       313
320        321       322
60         50        296
296        295       60
63         60        295
295        301       63
300        302       323
304        323       302
299        324       301
324        299       325
300        325       299
325        300       326
323        326       300
320        327       312
326        323       328
323        304       329
312        329       304
329        312       327
329        328       323
328        329       330
327        330       329
330        327       331
332        301       324
324        78        332
81         332       78
65         63        301
301        332       65
69         65        332
332        81        69
68         69        81
327        320       333
322        333       320
333        331       327
331        333       334
335        322       321
322        335       336
333        322       337
336        337       322
337        334       333
338        336       335
335        339       338
340        341       339
321        340       335
339        335       340
310        342       315
318        343       344
345        344       343
344        319       318
344        345       346
347        346       345
316        317       348
319        348       317
348        308       316
348        319       342
308        348       310
342        310       348
346        347       349
319        344       350
346        350       344
350        342       319
314        315       351
351        313       314
313        351       321
340        321       351
352        351       315
351        352       340
341        340       352
352        353       341
354        341       353
355        315       342
342        350       355
315        355       352
353        352       355
350        346       356
349        356       346
356        355       350
355        356       353
353        357       354
356        349       357
357        353       356
52         62        318
343        318       62
62         75        343
358        354       357
357        359       358
359        357       349
360        349       347
349        360       359
345        283       347
343        280       345
283        345       280
280        343       75
282        347       283
347        282       360
284        360       282
361        338       339
362        358       359
78         324       131
325        131       324
328        133       326
133        328       134
330        134       328
131        325       135
326        135       325
135        326       133
134        330       142
331        142       330
142        331       143
334        143       331
334        337       169
143        334       158
169        158       334
336        338       190
337        336       191
190        191       336
191        169       337
338        361       192
192        190       338
341        354       363
339        363       361
364        361       363
363        339       341
354        358       365
365        363       354
363        365       364
358        362       366
366        365       358
365        366       367
367        364       365
368        367       366
369        359       360
359        369       362
370        362       369
360        284       369
285        369       284
369        285       370
367        368       198
193        192       361
361        364       193
364        367       196
198        196       367
196        193       364
362        370       371
371        366       362
366        371       368
372        371       370
287        370       285
370        287       372
371        372       373
373        368       371
288        372       287
368        373       199
199        198       368
374        373       372
372        288       374
373        374       225
225        199       373
290        374       288
235        225       374
374        290       235
253        235       290
64         375       74
375        64        37
38         37        64
37         41        375
43         375       41
286        74        375
375        43        286
45         286       43
% Data (material.boundary)
0
0
0
0
0
0
0
0
0
0
0
0
0
0
0
0
0
0
0
0
0
0
0
0
0
0
0
0
0
0
0
0
0
0
0
0
0
0
0
0
0
0
0
0
0
0
0
0
0
0
0
0
0
0
0
0
0
0
0
0
0
0
0
0
0
0
0
0
0
0
0
0
0
0
0
0
0
0
0
0
0
0
0
0
0
0
0
0
0
0
0
0
0
0
0
0
0
0
0
0
0
0
0
0
0
0
0
0
0
0
0
0
0
0
0
0
0
0
0
0
0
0
0
0
0
0
0
0
0
0
0
0
0
0
0
0
0
0
0
0
0
0
0
0
0
0
0
0
0
0
0
0
0
0
0
0
0
0
0
0
0
0
0
0
0
0
0
0
0
0
0
0
0
0
0
0
0
0
0
0
0
0
0
0
0
0
0
0
0
0
0
0
0
0
0
0
0
0
0
0
0
0
0
0
0
0
0
0
0
0
0
0
0
0
0
0
0
0
0
0
0
0
0
0
0
0
0
0
0
0
0
0
0
0
0
0
0
0
0
0
0
0
0
0
0
0
0
0
0
0
0
0
0
0
0
0
0
0
0
0
0
0
0
0
0
0
0
0
0
0
0
0
0
0
0
0
0
0
0
0
0
0
0
0
0
0
0
0
0
0
0
0
0
0
0
0
0
0
0
0
0
0
0
0
0
0
0
0
0
0
0
0
0
0
0
0
0
0
0
0
0
0
0
0
0
0
0
0
0
0
0
0
0
0
0
0
0
0
0
0
0
0
0
0
0
0
0
0
0
0
0
0
0
0
0
0
0
0
0
0
0
0
0
0
0
0
0
0
0
0
0
0
0
0
0
