% Model:              Box_wing_Ray_Matlab_test.mph
% Version:            COMSOL 6.0.0.405
% Date:               Oct 4 2022, 22:40
% Dimension:          3
% Nodes:              469
% Elements:           840
% Expressions:        1
% Description:        Material settings
% Length unit:        m
% Coordinates
-0.06                     -0.0581071009566951      -0.01
-0.048                    -0.05810710095669509     -0.01
-0.059999999999999984     -0.05810710095669509     0.0010000000000000135
-0.04799999999999997      -0.05810710095669509     0.0010000000000000148
-0.036000000000000004     -0.05810710095669509     -0.01
-0.036000000000000004     -0.05810710095669509     0.0010000000000000148
-0.024000000000000007     -0.05810710095669509     -0.01
-0.02399999999999998      -0.05810710095669509     0.0010000000000000148
-0.06                     -0.05810710095669511     0.01200000000000001
-0.048                    -0.05810710095669509     0.01200000000000001
-0.036000000000000004     -0.05810710095669509     0.01200000000000001
-0.01200000000000001      -0.05810710095669509     -0.01
-0.01200000000000001      -0.05810710095669509     0.0010000000000000148
3.2526065174565133E-18    -0.05810710095669509     -0.009999999999999998
0                         -0.05810710095669509     0.0010000000000000148
-0.023999999999999966     -0.05810710095669509     0.01200000000000001
-0.01200000000000001      -0.05810710095669509     0.01200000000000001
-0.06                     -0.05810710095669511     0.023000000000000007
-0.048                    -0.05810710095669509     0.023000000000000007
-0.036000000000000004     -0.05810710095669509     0.023000000000000007
-0.023999999999999994     -0.05810710095669509     0.023000000000000007
-0.01200000000000001      -0.05810710095669509     0.023000000000000007
0.012000000000000004      -0.0581071009566951      -0.01
0.01200000000000001       -0.05810710095669511     0.0010000000000000148
0                         -0.05810710095669509     0.01200000000000001
0.012000000000000004      -0.05810710095669511     0.01200000000000001
0                         -0.05810710095669509     0.023000000000000007
-0.06                     -0.0581071009566951      0.034
-0.048000000000000015     -0.05810710095669509     0.034000000000000016
-0.059999999999999984     -0.05810710095669509     0.045
-0.04799999999999999      -0.05810710095669509     0.04499999999999999
-0.036000000000000004     -0.05810710095669509     0.03399999999999999
-0.023999999999999994     -0.05810710095669509     0.034
-0.01200000000000001      -0.05810710095669509     0.034000000000000016
-0.06                     -0.0581071009566951      0.05600000000000001
-0.048                    -0.05810710095669509     0.05600000000000002
-0.06                     -0.05810710095669511     0.067
-0.048000000000000015     -0.05810710095669509     0.067
-0.035999999999999976     -0.05810710095669509     0.045
-0.036000000000000004     -0.05810710095669509     0.055999999999999994
-0.023999999999999994     -0.05810710095669509     0.04499999999999999
-0.05999999999999999      -0.05810710095669511     0.078
-0.04799999999999997      -0.05810710095669509     0.078
-0.035999999999999976     -0.05810710095669509     0.06699999999999999
-0.023999999999999994     -0.05810710095669509     0.05600000000000001
-0.035999999999999976     -0.05810710095669509     0.07799999999999999
-0.01200000000000001      -0.05810710095669509     0.045
0.01200000000000001       -0.05810710095669511     0.023000000000000007
0.023999999999999997      -0.0581071009566951      -0.01
0.023999999999999994      -0.05810710095669511     0.0010000000000000148
0.036000000000000004      -0.0581071009566951      -0.01
0.036                     -0.05810710095669511     0.0010000000000000425
0.023999999999999994      -0.05810710095669511     0.01200000000000001
0.036000000000000004      -0.05810710095669511     0.01200000000000001
0.04800000000000001       -0.0581071009566951      -0.01
0.047999999999999994      -0.05810710095669511     0.0010000000000000286
0.06                      -0.0581071009566951      -0.01
0.059999999999999984      -0.05810710095669509     0.0010000000000000135
0                         -0.05810710095669509     0.034000000000000016
0.01200000000000001       -0.05810710095669511     0.033999999999999975
-0.01200000000000001      -0.05810710095669509     0.05600000000000001
-0.06                     -0.0581071009566951      0.089
-0.048                    -0.05810710095669509     0.089
-0.06                     -0.0581071009566951      0.1
-0.048                    -0.05810710095669509     0.1
-0.03599999999999999      -0.05810710095669509     0.08899999999999998
-0.03599999999999999      -0.058107100956695086    0.09999999999999999
-0.023999999999999994     -0.05810710095669509     0.067
-0.02399999999999998      -0.05810710095669509     0.078
0                         -0.05810710095669509     0.04499999999999999
0.01200000000000001       -0.05810710095669511     0.045
0.023999999999999994      -0.05810710095669511     0.023000000000000007
0.036000000000000004      -0.05810710095669511     0.022999999999999993
0.023999999999999994      -0.05810710095669511     0.033999999999999975
0.023999999999999994      -0.05810710095669511     0.04500000000000001
0.036                     -0.05810710095669511     0.034000000000000016
0.04800000000000001       -0.05810710095669511     0.01200000000000001
0.048                     -0.05810710095669511     0.023000000000000034
0.06                      -0.05810710095669511     0.01200000000000001
0.06                      -0.05810710095669511     0.023000000000000007
0                         -0.05810710095669509     0.05600000000000002
-0.01200000000000001      -0.05810710095669509     0.067
-0.011999999999999997     -0.05810710095669509     0.078
-0.023999999999999994     -0.05810710095669509     0.089
-0.023999999999999994     -0.05810710095669509     0.1
-0.011999999999999997     -0.05810710095669509     0.089
-0.012                    -0.0581071009566951      0.1
0.01200000000000001       -0.05810710095669511     0.05600000000000002
0.03599999999999999       -0.05810710095669511     0.045000000000000005
0.023999999999999994      -0.05810710095669511     0.055999999999999994
0.036                     -0.05810710095669511     0.05600000000000002
0.048                     -0.05810710095669511     0.034000000000000016
0.06                      -0.0581071009566951      0.034
0.04799999999999999       -0.05810710095669511     0.04499999999999999
0.059999999999999984      -0.05810710095669509     0.045
0                         -0.05810710095669509     0.067
0                         -0.05810710095669509     0.078
0.01200000000000001       -0.05810710095669511     0.06699999999999999
0.023999999999999994      -0.05810710095669511     0.06699999999999999
0                         -0.05810710095669509     0.089
0.01200000000000001       -0.05810710095669511     0.07799999999999999
-2.6020852139652106E-18   -0.05810710095669509     0.1
0.023999999999999994      -0.05810710095669511     0.078
0.036                     -0.05810710095669511     0.067
0.047999999999999994      -0.05810710095669511     0.055999999999999994
0.047999999999999994      -0.05810710095669511     0.067
0.06                      -0.0581071009566951      0.05600000000000001
0.01200000000000001       -0.05810710095669511     0.089
0.012000000000000004      -0.05810710095669511     0.1
0.023999999999999994      -0.05810710095669511     0.089
0.023999999999999997      -0.05810710095669511     0.1
0.03599999999999999       -0.05810710095669511     0.078
0.04799999999999999       -0.05810710095669511     0.078
0.06                      -0.05810710095669511     0.067
0.05999999999999999       -0.05810710095669511     0.078
0.03599999999999999       -0.05810710095669511     0.089
0.04799999999999999       -0.05810710095669511     0.089
0.06                      -0.0581071009566951      0.089
0.03599999999999999       -0.0581071009566951      0.1
0.04799999999999999       -0.05810710095669509     0.1
0.06                      -0.0581071009566951      0.1
-0.06                     -0.0461071009566951      -0.01
-0.048                    -0.04610710095669509     -0.01
-0.06                     -0.034107100956695106    -0.01
-0.048                    -0.03410710095669509     -0.01
-0.036000000000000004     -0.04610710095669509     -0.01
-0.06                     -0.022107100956695103    -0.01
-0.048                    -0.022107100956695096    -0.01
-0.036000000000000004     -0.034107100956695106    -0.01
-0.024                    -0.04610710095669509     -0.01
-0.036000000000000004     -0.022107100956695103    -0.01
-0.06                     -0.010107100956695104    -0.01
-0.048                    -0.010107100956695099    -0.01
-0.06                     0.0018928990433048941    -0.009999999999999998
-0.048                    0.0018928990433048996    -0.01
-0.036000000000000004     -0.010107100956695106    -0.01
-0.024000000000000007     -0.0341071009566951      -0.01
-0.024000000000000007     -0.0221071009566951      -0.01
-0.01200000000000001      -0.04610710095669509     -0.01
3.469446951953614E-18     -0.046107100956695096    -0.01
-0.060000000000000005     0.013892899043304908     -0.01
-0.048                    0.013892899043304896     -0.01
-0.060000000000000005     0.025892899043304905     -0.01
-0.047999999999999994     0.025892899043304902     -0.01
-0.036000000000000004     0.0018928990433049048    -0.01
-0.036000000000000004     0.013892899043304908     -0.01
-0.024000000000000004     -0.010107100956695104    -0.01
-0.024000000000000004     0.001892899043304896     -0.01
-0.024                    0.013892899043304915     -0.01
-0.012000000000000012     -0.0221071009566951      -0.01
-0.01200000000000001      -0.010107100956695104    -0.01
-0.012000000000000007     -0.0341071009566951      -0.01
0.012000000000000004      -0.04610710095669509     -0.01
3.469446951953614E-18     -0.03410710095669509     -0.01
0.02399999999999999       -0.04610710095669509     -0.01
-0.060000000000000005     0.0378928990433049       -0.01
-0.048                    0.0378928990433049       -0.01
-0.060000000000000005     0.0498928990433049       -0.01
-0.048                    0.0498928990433049       -0.01
-0.06                     0.0618928990433049       -0.01
-0.04800000000000001      0.0618928990433049       -0.01
-0.036000000000000004     0.025892899043304912     -0.01
-0.036000000000000004     0.037892899043304895     -0.01
-0.024                    0.02589289904330489      -0.01
3.469446951953614E-18     -0.022107100956695096    -0.01
-0.012000000000000007     0.0018928990433049048    -0.01
-0.012000000000000007     0.013892899043304902     -0.01
3.469446951953614E-18     -0.010107100956695106    -0.01
0.012000000000000004      -0.03410710095669511     -0.01
0.012000000000000004      -0.02210710095669511     -0.01
0.023999999999999994      -0.03410710095669511     -0.01
0.036000000000000004      -0.04610710095669511     -0.01
-0.024                    0.03789289904330491      -0.01
-0.036000000000000004     0.04989289904330489      -0.01
-0.036000000000000004     0.0618928990433049       -0.01
-0.012000000000000007     0.025892899043304902     -0.01
0                         0.0018928990433049048    -0.01
0.01200000000000001       -0.010107100956695106    -0.01
-3.469446951953614E-18    0.01389289904330491      -0.01
0.023999999999999994      -0.022107100956695096    -0.01
0.023999999999999994      -0.010107100956695106    -0.01
0.048                     -0.04610710095669511     -0.01
0.06                      -0.046107100956695096    -0.01
0.036000000000000004      -0.034107100956695106    -0.01
0.036                     -0.022107100956695117    -0.01
0.047999999999999994      -0.034107100956695106    -0.01
0.04800000000000001       -0.0221071009566951      -0.01
0.06                      -0.0341071009566951      -0.01
0.06                      -0.022107100956695103    -0.01
-0.012000000000000007     0.03789289904330491      -0.01
-0.023999999999999994     0.049892899043304906     -0.01
-0.023999999999999997     0.0618928990433049       -0.01
-0.012000000000000004     0.049892899043304906     -0.01
-0.012000000000000004     0.0618928990433049       -0.01
-3.469446951953614E-18    0.025892899043304912     -0.01
-3.469446951953614E-18    0.0378928990433049       -0.01
0.012000000000000004      0.0018928990433049048    -0.01
0.024000000000000007      0.001892899043304903     -0.01
0.012000000000000002      0.013892899043304905     -0.01
0.024                     0.01389289904330491      -0.01
0.036000000000000004      -0.01010710095669511     -0.01
0.036000000000000004      0.00189289904330491      -0.01
0.048                     -0.01010710095669511     -0.01
0.048000000000000015      0.0018928990433049052    -0.01
0.06                      -0.010107100956695106    -0.01
0.06                      0.0018928990433049087    -0.009999999999999998
-3.469446951953614E-18    0.049892899043304906     -0.01
-3.2526065174565133E-18   0.0618928990433049       -0.009999999999999998
0.012000000000000009      0.049892899043304906     -0.01
0.01200000000000001       0.0618928990433049       -0.01
0.012000000000000007      0.025892899043304912     -0.01
0.012000000000000007      0.037892899043304895     -0.01
0.024000000000000004      0.0258928990433049       -0.01
0.02400000000000001       0.03789289904330491      -0.01
0.036000000000000004      0.013892899043304908     -0.01
0.03600000000000001       0.02589289904330491      -0.01
0.048                     0.013892899043304896     -0.01
0.048                     0.025892899043304902     -0.01
0.06                      0.013892899043304908     -0.01
0.06                      0.025892899043304905     -0.01
0.02400000000000001       0.049892899043304906     -0.01
0.024000000000000007      0.0618928990433049       -0.01
0.036000000000000004      0.03789289904330488      -0.01
0.047999999999999994      0.037892899043304895     -0.01
0.06                      0.0378928990433049       -0.01
0.036000000000000004      0.049892899043304906     -0.01
0.047999999999999994      0.049892899043304906     -0.01
0.036000000000000004      0.0618928990433049       -0.01
0.06                      0.049892899043304906     -0.01
0.048                     0.0618928990433049       -0.01
0.06                      0.0618928990433049       -0.01
0.06                      -0.046107100956695096    0.0010000000000000148
0.06                      -0.04610710095669507     0.01200000000000001
0.06                      -0.0341071009566951      0.0010000000000000148
0.06                      -0.04610710095669507     0.023000000000000007
0.06                      -0.04610710095669508     0.03399999999999999
0.06                      -0.022107100956695117    0.0010000000000000009
0.06                      -0.0341071009566951      0.01200000000000001
0.06                      -0.02210710095669506     0.01200000000000001
0.06                      -0.0341071009566951      0.022999999999999993
0.06                      -0.04610710095669508     0.045
0.06                      -0.0341071009566951      0.03399999999999999
0.06                      -0.010107100956695106    0.0010000000000000009
0.06                      0.0018928990433049048    0.0010000000000000286
0.06                      -0.010107100956695106    0.01200000000000001
0.06                      0.0018928990433049048    0.01200000000000001
0.06                      -0.02210710095669509     0.022999999999999993
0.06                      -0.02210710095669506     0.034
0.06                      0.013892899043304902     0.0010000000000000148
0.06                      0.0258928990433049       0.0010000000000000148
0.06                      0.037892899043304895     0.0010000000000000009
0.06                      -0.04610710095669508     0.05600000000000001
0.06                      -0.04610710095669508     0.067
0.06                      -0.04610710095669508     0.078
0.06                      -0.0341071009566951      0.045
0.06                      -0.0341071009566951      0.055999999999999994
0.06                      -0.02210710095669509     0.04500000000000001
0.06                      -0.02210710095669509     0.05600000000000001
0.06                      0.013892899043304915     0.01200000000000001
0.06                      0.0258928990433049       0.01200000000000001
0.06                      -0.010107100956695106    0.023000000000000007
0.06                      0.0018928990433049048    0.022999999999999993
0.06                      -0.010107100956695106    0.034
0.06                      0.0018928990433049048    0.034
0.06                      -0.04610710095669508     0.089
0.06                      -0.04610710095669509     0.1
0.06                      0.04989289904330489      0.0010000000000000148
0.059999999999999984      0.06189289904330489      0.0010000000000000135
0.06                      0.037892899043304895     0.01200000000000001
0.06                      0.0258928990433049       0.023000000000000007
0.06                      0.0378928990433049       0.023000000000000007
0.06                      -0.0341071009566951      0.067
0.06                      -0.0341071009566951      0.07799999999999999
0.06                      -0.02210710095669509     0.067
0.06                      -0.022107100956695075    0.078
0.06                      -0.010107100956695106    0.045
0.06                      -0.010107100956695106    0.05600000000000001
0.06                      0.013892899043304915     0.023000000000000007
0.06                      0.013892899043304902     0.033999999999999975
0.06                      0.0258928990433049       0.033999999999999975
0.06                      0.0018928990433049048    0.044999999999999984
0.06                      0.0018928990433049048    0.05600000000000002
0.06                      -0.034107100956695086    0.08899999999999998
0.059999999999999984      -0.034107100956695086    0.09999999999999999
0.06                      -0.02210710095669509     0.089
0.06                      -0.02210710095669509     0.1
0.06                      0.0498928990433049       0.01200000000000001
0.06                      0.0618928990433049       0.01200000000000001
0.06                      0.049892899043304906     0.023000000000000034
0.06                      0.0618928990433049       0.023000000000000007
0.06                      0.037892899043304895     0.03399999999999999
0.06                      -0.010107100956695106    0.067
0.06                      -0.010107100956695106    0.07799999999999999
0.06                      0.0018928990433049048    0.067
0.06                      0.013892899043304902     0.04500000000000001
0.06                      0.0258928990433049       0.04500000000000001
0.06                      0.013892899043304915     0.05600000000000002
0.06                      0.0258928990433049       0.055999999999999994
0.06                      0.0018928990433049048    0.078
0.06                      -0.010107100956695092    0.089
0.060000000000000005      -0.010107100956695094    0.1
0.06                      0.0018928990433049048    0.089
0.06                      0.0498928990433049       0.034000000000000016
0.06                      0.0618928990433049       0.034
0.06                      0.03789289904330489      0.04499999999999999
0.06                      0.04989289904330489      0.04499999999999999
0.06                      0.037892899043304895     0.05600000000000002
0.06                      0.013892899043304915     0.06699999999999999
0.06                      0.0258928990433049       0.06699999999999999
0.06                      0.013892899043304915     0.07799999999999999
0.06                      0.013892899043304915     0.089
0.06                      0.0018928990433049022    0.1
0.060000000000000005      0.01389289904330491      0.1
0.06                      0.0498928990433049       0.055999999999999994
0.059999999999999984      0.06189289904330489      0.045
0.06                      0.037892899043304895     0.067
0.06                      0.0618928990433049       0.05600000000000001
0.06                      0.0258928990433049       0.078
0.06                      0.0258928990433049       0.089
0.06                      0.037892899043304895     0.078
0.06                      0.025892899043304902     0.1
0.06                      0.0498928990433049       0.067
0.06                      0.037892899043304895     0.089
0.06                      0.04989289904330489      0.078
0.06                      0.0618928990433049       0.067
0.06                      0.037892899043304895     0.1
0.06                      0.04989289904330489      0.089
0.05999999999999999       0.061892899043304896     0.078
0.06                      0.04989289904330489      0.1
0.06                      0.0618928990433049       0.089
0.06                      0.0618928990433049       0.1
-0.060000000000000005     -0.023107100956695097    -3.1540426835941958E-18
-0.06                     -0.0481071009566951      0
-0.06                     0.0018928990433049054    -6.308085367188391E-18
-0.06                     -0.0481071009566951      0.020000000000000004
-0.06                     -0.0481071009566951      0.04000000000000001
-0.06                     0.026892899043304917     -9.462128050782588E-18
-0.06                     -0.0481071009566951      0.06
-0.06                     0.0518928990433049       -1.845114969902605E-17
-0.06                     -0.0481071009566951      0.08
-0.06                     -0.0481071009566951      0.1
-0.03799999999999999      -0.04810710095669509     0.1
-0.016                    -0.04810710095669509     0.1
0.006000000000000011      -0.04810710095669509     0.1
0.028000000000000008      -0.04810710095669509     0.1
0.05                      -0.0481071009566951      0.1
0.05000000000000002       -0.026107100956695103    0.1
0.05000000000000001       -0.004107100956695106    0.1
0.05000000000000001       0.017892899043304898     0.1
0.05                      0.0398928990433049       0.1
0.05                      0.0618928990433049       0.1
-0.05                     0.0618928990433049       -1.387778780781446E-17
-0.03                     0.0618928990433049       0
-0.010000000000000002     0.06189289904330491      0
0.009999999999999995      0.06189289904330491      0
0.03                      0.061892899043304916     0
0.05                      0.0618928990433049       0
0.05                      0.0618928990433049       0.02
0.05000000000000001       0.0618928990433049       0.04
0.05000000000000001       0.0618928990433049       0.06
0.05000000000000002       0.0618928990433049       0.08
-0.06                     -0.0481071009566951      0
-0.06                     -0.0481071009566951      0.020000000000000004
-0.03799999999999999      -0.04810710095669509     0
-0.03799999999999999      -0.04810710095669509     0.01999999999999999
-0.016                    -0.04810710095669509     0
-0.016                    -0.04810710095669509     0.01999999999999999
-0.06                     -0.0481071009566951      0.04000000000000001
-0.03799999999999999      -0.04810710095669509     0.04000000000000001
0.006000000000000011      -0.04810710095669509     0
0.006000000000000012      -0.0481071009566951      0.020000000000000004
-0.06                     -0.0481071009566951      0.06
-0.03799999999999999      -0.04810710095669509     0.06
-0.016                    -0.04810710095669509     0.04000000000000001
-0.06                     -0.0481071009566951      0.08
-0.03799999999999999      -0.04810710095669509     0.08
0.028000000000000008      -0.04810710095669509     0
0.02800000000000001       -0.0481071009566951      0.020000000000000004
0.006000000000000012      -0.0481071009566951      0.04000000000000001
-0.016                    -0.04810710095669509     0.06
-0.06                     -0.0481071009566951      0.1
-0.03799999999999999      -0.04810710095669509     0.1
-0.016                    -0.04810710095669509     0.08
0.02800000000000001       -0.0481071009566951      0.04000000000000001
0.05                      -0.0481071009566951      0
0.05                      -0.0481071009566951      0.020000000000000004
0.006000000000000005      -0.0481071009566951      0.06
-0.016                    -0.04810710095669509     0.1
0.006000000000000012      -0.0481071009566951      0.08
0.028000000000000004      -0.0481071009566951      0.06
0.05                      -0.0481071009566951      0.04000000000000001
0.006000000000000011      -0.04810710095669509     0.1
0.02800000000000001       -0.0481071009566951      0.08
0.05                      -0.0481071009566951      0.06
0.028000000000000008      -0.04810710095669509     0.1
0.05                      -0.0481071009566951      0.08
0.05                      -0.0481071009566951      0.1
-0.03799999999999999      -0.0237071009566951      0
-0.060000000000000005     -0.023107100956695097    -3.1540426835941958E-18
-0.03799999999999999      -0.04810710095669509     0
-0.06                     -0.0481071009566951      0
-0.03799999999999999      6.928990433049099E-4     0
-0.06                     0.0018928990433049054    -6.308085367188391E-18
-0.015999999999999997     -0.02430710095669511     0
-0.016                    -0.04810710095669509     0
-0.03799999999999999      0.025092899043304907     0
-0.06                     0.026892899043304917     -9.462128050782588E-18
-0.016                    -5.07100956695092E-4     0
0.006000000000000015      -0.02490710095669509     0
0.006000000000000011      -0.04810710095669509     0
-0.038                    0.0494928990433049       0
-0.06                     0.0518928990433049       -1.845114969902605E-17
-0.015999999999999997     0.023292899043304914     0
0.0060000000000000105     -0.0017071009566950969   0
0.028000000000000004      -0.025507100956695096    0
0.028000000000000008      -0.04810710095669509     0
-0.05                     0.0618928990433049       -1.387778780781446E-17
-0.03                     0.0618928990433049       0
-0.016                    0.0470928990433049       0
0.006                     0.021492899043304908     0
0.02800000000000001       -0.0029071009566950983   0
0.05000000000000002       -0.026107100956695103    0
0.05                      -0.0481071009566951      0
-0.010000000000000002     0.06189289904330491      0
0.006000000000000002      0.04469289904330491      0
0.027999999999999997      0.019692899043304908     0
0.05000000000000001       -0.004107100956695106    0
0.009999999999999995      0.06189289904330491      0
0.02800000000000001       0.042292899043304896     0
0.05000000000000001       0.017892899043304898     0
0.03                      0.061892899043304916     0
0.05                      0.0398928990433049       0
0.05                      0.0618928990433049       0
0.05                      -0.0481071009566951      0
0.05                      -0.0481071009566951      0.020000000000000004
0.05000000000000002       -0.026107100956695103    0
0.05000000000000002       -0.026107100956695085    0.01999999999999999
0.05                      -0.0481071009566951      0.04000000000000001
0.05000000000000002       -0.026107100956695085    0.04000000000000001
0.05000000000000001       -0.004107100956695106    0
0.05000000000000002       -0.0041071009566951006   0.020000000000000004
0.05                      -0.0481071009566951      0.06
0.05000000000000002       -0.026107100956695085    0.06
0.05000000000000001       0.017892899043304898     0
0.05000000000000002       0.017892899043304898     0.01999999999999999
0.05000000000000002       -0.0041071009566951075   0.04000000000000001
0.05                      0.0398928990433049       0
0.05                      0.0398928990433049       0.019999999999999962
0.05                      -0.0481071009566951      0.08
0.05000000000000002       -0.026107100956695085    0.08
0.05000000000000002       -0.0041071009566951075   0.06
0.05000000000000002       0.017892899043304898     0.04000000000000001
0.05                      -0.0481071009566951      0.1
0.05000000000000002       -0.026107100956695103    0.1
0.05                      0.0618928990433049       0
0.05                      0.0618928990433049       0.02
0.05                      0.0398928990433049       0.04000000000000001
0.05000000000000002       -0.0041071009566951075   0.08
0.05000000000000002       0.017892899043304898     0.06
0.05000000000000001       -0.004107100956695106    0.1
0.05000000000000001       0.0618928990433049       0.04
0.05                      0.0398928990433049       0.06
0.05000000000000002       0.017892899043304898     0.08
0.05000000000000001       0.017892899043304898     0.1
0.05000000000000001       0.0618928990433049       0.06
0.05                      0.0398928990433049       0.08
0.05                      0.0398928990433049       0.1
0.05000000000000002       0.0618928990433049       0.08
0.05                      0.0618928990433049       0.1
% Elements (triangles)
1          2         4
1          4         3
2          5         6
2          6         4
5          7         8
5          8         6
3          4         10
3          10        9
4          6         11
4          11        10
7          12        13
7          13        8
12         14        15
12         15        13
6          8         16
6          16        11
8          13        17
8          17        16
9          10        19
9          19        18
10         11        20
10         20        19
11         16        21
11         21        20
16         17        22
16         22        21
14         23        24
14         24        15
13         15        25
13         25        17
15         24        26
15         26        25
17         25        27
17         27        22
18         19        29
18         29        28
28         29        31
28         31        30
19         20        32
19         32        29
20         21        33
20         33        32
21         22        34
21         34        33
30         31        36
30         36        35
35         36        38
35         38        37
29         32        39
29         39        31
31         39        40
31         40        36
32         33        41
32         41        39
37         38        43
37         43        42
36         40        44
36         44        38
39         41        45
39         45        40
38         44        46
38         46        43
33         34        47
33         47        41
25         26        48
25         48        27
23         49        50
23         50        24
49         51        52
49         52        50
24         50        53
24         53        26
50         52        54
50         54        53
51         55        56
51         56        52
55         57        58
55         58        56
22         27        59
22         59        34
27         48        60
27         60        59
41         47        61
41         61        45
42         43        63
42         63        62
62         63        65
62         65        64
43         46        66
43         66        63
63         66        67
63         67        65
40         45        68
40         68        44
44         68        69
44         69        46
34         59        70
34         70        47
59         60        71
59         71        70
26         53        72
26         72        48
53         54        73
53         73        72
48         72        74
48         74        60
60         74        75
60         75        71
72         73        76
72         76        74
52         56        77
52         77        54
54         77        78
54         78        73
56         58        79
56         79        77
77         79        80
77         80        78
47         70        81
47         81        61
45         61        82
45         82        68
68         82        83
68         83        69
46         69        84
46         84        66
66         84        85
66         85        67
69         83        86
69         86        84
84         86        87
84         87        85
70         71        88
70         88        81
74         76        89
74         89        75
71         75        90
71         90        88
75         89        91
75         91        90
73         78        92
73         92        76
78         80        93
78         93        92
76         92        94
76         94        89
92         93        95
92         95        94
61         81        96
61         96        82
82         96        97
82         97        83
81         88        98
81         98        96
88         90        99
88         99        98
83         97        100
83         100       86
96         98        101
96         101       97
86         100       102
86         102       87
98         99        103
98         103       101
90         91        104
90         104       99
89         94        105
89         105       91
91         105       106
91         106       104
94         95        107
94         107       105
97         101       108
97         108       100
100        108       109
100        109       102
101        103       110
101        110       108
108        110       111
108        111       109
99         104       112
99         112       103
104        106       113
104        113       112
105        107       114
105        114       106
106        114       115
106        115       113
103        112       116
103        116       110
112        113       117
112        117       116
113        115       118
113        118       117
110        116       119
110        119       111
116        117       120
116        120       119
117        118       121
117        121       120
1          122       123
1          123       2
122        124       125
122        125       123
2          123       126
2          126       5
124        127       128
124        128       125
123        125       129
123        129       126
5          126       130
5          130       7
125        128       131
125        131       129
127        132       133
127        133       128
132        134       135
132        135       133
128        133       136
128        136       131
126        129       137
126        137       130
129        131       138
129        138       137
7          130       139
7          139       12
12         139       140
12         140       14
134        141       142
134        142       135
141        143       144
141        144       142
133        135       145
133        145       136
135        142       146
135        146       145
131        136       147
131        147       138
136        145       148
136        148       147
145        146       149
145        149       148
138        147       151
138        151       150
130        137       152
130        152       139
137        138       150
137        150       152
14         140       153
14         153       23
139        152       154
139        154       140
23         153       155
23         155       49
143        156       157
143        157       144
156        158       159
156        159       157
158        160       161
158        161       159
142        144       162
142        162       146
144        157       163
144        163       162
146        162       164
146        164       149
152        150       165
152        165       154
147        148       166
147        166       151
148        149       167
148        167       166
150        151       168
150        168       165
140        154       169
140        169       153
154        165       170
154        170       169
153        169       171
153        171       155
49         155       172
49         172       51
162        163       173
162        173       164
157        159       174
157        174       163
159        161       175
159        175       174
149        164       176
149        176       167
151        166       177
151        177       168
165        168       178
165        178       170
166        167       179
166        179       177
169        170       180
169        180       171
170        178       181
170        181       180
51         172       182
51         182       55
55         182       183
55         183       57
155        171       184
155        184       172
171        180       185
171        185       184
172        184       186
172        186       182
184        185       187
184        187       186
182        186       188
182        188       183
186        187       189
186        189       188
164        173       190
164        190       176
163        174       191
163        191       173
174        175       192
174        192       191
173        191       193
173        193       190
191        192       194
191        194       193
167        176       195
167        195       179
176        190       196
176        196       195
168        177       197
168        197       178
178        197       198
178        198       181
177        179       199
177        199       197
197        199       200
197        200       198
180        181       201
180        201       185
181        198       202
181        202       201
185        201       203
185        203       187
201        202       204
201        204       203
187        203       205
187        205       189
203        204       206
203        206       205
190        193       207
190        207       196
193        194       208
193        208       207
207        208       210
207        210       209
179        195       211
179        211       199
195        196       212
195        212       211
196        207       209
196        209       212
199        211       213
199        213       200
211        212       214
211        214       213
198        200       215
198        215       202
200        213       216
200        216       215
202        215       217
202        217       204
215        216       218
215        218       217
204        217       219
204        219       206
217        218       220
217        220       219
212        209       221
212        221       214
209        210       222
209        222       221
213        214       223
213        223       216
216        223       224
216        224       218
218        224       225
218        225       220
214        221       226
214        226       223
223        226       227
223        227       224
221        222       228
221        228       226
224        227       229
224        229       225
226        228       230
226        230       227
227        230       231
227        231       229
57         183       232
57         232       58
58         232       233
58         233       79
183        188       234
183        234       232
79         233       235
79         235       80
80         235       236
80         236       93
188        189       237
188        237       234
232        234       238
232        238       233
234        237       239
234        239       238
233        238       240
233        240       235
93         236       241
93         241       95
235        240       242
235        242       236
189        205       243
189        243       237
205        206       244
205        244       243
237        243       245
237        245       239
243        244       246
243        246       245
238        239       247
238        247       240
240        247       248
240        248       242
206        219       249
206        249       244
219        220       250
219        250       249
220        225       251
220        251       250
95         241       252
95         252       107
107        252       253
107        253       114
114        253       254
114        254       115
236        242       255
236        255       241
241        255       256
241        256       252
242        248       257
242        257       255
255        257       258
255        258       256
244        249       259
244        259       246
249        250       260
249        260       259
239        245       261
239        261       247
245        246       262
245        262       261
247        261       263
247        263       248
261        262       264
261        264       263
115        254       265
115        265       118
118        265       266
118        266       121
225        229       267
225        267       251
229        231       268
229        268       267
250        251       269
250        269       260
260        269       271
260        271       270
252        256       272
252        272       253
253        272       273
253        273       254
256        258       274
256        274       272
272        274       275
272        275       273
248        263       276
248        276       257
257        276       277
257        277       258
246        259       278
246        278       262
259        260       270
259        270       278
262        278       279
262        279       264
278        270       280
278        280       279
263        264       281
263        281       276
276        281       282
276        282       277
254        273       283
254        283       265
265        283       284
265        284       266
273        275       285
273        285       283
283        285       286
283        286       284
251        267       287
251        287       269
267        268       288
267        288       287
269        287       289
269        289       271
287        288       290
287        290       289
270        271       291
270        291       280
258        277       292
258        292       274
274        292       293
274        293       275
277        282       294
277        294       292
264        279       295
264        295       281
279        280       296
279        296       295
281        295       297
281        297       282
295        296       298
295        298       297
292        294       299
292        299       293
275        293       300
275        300       285
285        300       301
285        301       286
293        299       302
293        302       300
271        289       303
271        303       291
289        290       304
289        304       303
280        291       305
280        305       296
291        303       306
291        306       305
296        305       307
296        307       298
282        297       308
282        308       294
297        298       309
297        309       308
294        308       310
294        310       299
299        310       311
299        311       302
300        302       312
300        312       301
302        311       313
302        313       312
305        306       314
305        314       307
303        304       315
303        315       306
298        307       316
298        316       309
306        315       317
306        317       314
308        309       318
308        318       310
310        318       319
310        319       311
309        316       320
309        320       318
311        319       321
311        321       313
307        314       322
307        322       316
318        320       323
318        323       319
316        322       324
316        324       320
314        317       325
314        325       322
319        323       326
319        326       321
320        324       327
320        327       323
322        325       328
322        328       324
323        327       329
323        329       326
324        328       330
324        330       327
327        330       331
327        331       329
127        124       332
122        1         333
122        333       124
3          333       1
124        333       332
3          9         333
127        332       132
134        132       334
132        332       334
9          335       333
18         335       9
18         28        335
28         336       335
30         336       28
134        334       141
143        337       156
141        334       337
143        141       337
35         338       30
30         338       336
35         37        338
158        156       339
158        339       160
156        337       339
42         62        340
42         340       37
37         340       338
62         341       340
64         341       62
64         65        341
65         342       341
67         342       65
67         85        342
87         343       85
85         343       342
87         102       343
102        344       343
344        102       109
111        345       109
109        345       344
111        119       345
119        346       345
120        121       346
120        346       119
266        346       121
266        284       346
284        347       346
286        347       284
286        301       347
301        348       347
348        301       312
312        349       348
313        349       312
313        321       349
321        350       349
326        350       321
326        329       350
329        351       350
331        351       329
160        339       352
161        160       352
161        352       175
175        352       353
353        192       175
192        353       354
194        192       354
194        354       208
210        208       355
208        354       355
210        355       222
222        355       356
356        228       222
228        356       357
230        357       231
230        228       357
268        231       357
268        357       288
288        357       358
290        288       358
290        358       304
304        358       359
315        304       359
315        359       360
317        315       360
317        360       325
325        360       361
328        325       361
330        361       351
328        361       330
331        330       351
362        363       365
362        365       364
364        365       367
364        367       366
363        368       369
363        369       365
366        367       371
366        371       370
368        372       373
368        373       369
365        369       374
365        374       367
372        375       376
372        376       373
370        371       378
370        378       377
367        374       379
367        379       371
369        373       380
369        380       374
375        381       382
375        382       376
373        376       383
373        383       380
371        379       384
371        384       378
377        378       386
377        386       385
374        380       387
374        387       379
376        382       388
376        388       383
380        383       389
380        389       387
379        387       390
379        390       384
378        384       391
378        391       386
383        388       392
383        392       389
387        389       393
387        393       390
384        390       394
384        394       391
389        392       395
389        395       393
390        393       396
390        396       394
393        395       397
393        397       396
398        399       401
398        401       400
402        403       399
402        399       398
404        398       400
404        400       405
406        407       403
406        403       402
408        402       398
408        398       404
409        404       405
409        405       410
411        412       407
411        407       406
413        406       402
413        402       408
414        408       404
414        404       409
415        409       410
415        410       416
417        412       418
412        411       418
419        411       406
419        406       413
420        413       408
420        408       414
421        414       409
421        409       415
422        415       416
422        416       423
418        411       424
411        419       424
425        419       413
425        413       420
426        420       414
426        414       421
427        421       415
427        415       422
424        419       428
419        425       428
429        425       420
429        420       426
430        426       421
430        421       427
428        425       431
425        429       431
432        429       426
432        426       430
431        429       433
429        432       433
434        435       437
434        437       436
435        438       439
435        439       437
436        437       441
436        441       440
438        442       443
438        443       439
440        441       445
440        445       444
437        439       446
437        446       441
444        445       448
444        448       447
442        449       450
442        450       443
439        443       451
439        451       446
441        446       452
441        452       445
449        453       454
449        454       450
447        448       456
447        456       455
445        452       457
445        457       448
443        450       458
443        458       451
446        451       459
446        459       452
450        454       460
450        460       458
448        457       461
448        461       456
452        459       462
452        462       457
451        458       463
451        463       459
458        460       464
458        464       463
457        462       465
457        465       461
459        463       466
459        466       462
463        464       467
463        467       466
462        466       468
462        468       465
466        467       469
466        469       468
% Data (material.boundary)
0
0
0
0
0
0
0
0
0
0
0
0
0
0
0
0
0
0
0
0
0
0
0
0
0
0
0
0
0
0
0
0
0
0
0
0
0
0
0
0
0
0
0
0
0
0
0
0
0
0
0
0
0
0
0
0
0
0
0
0
0
0
0
0
0
0
0
0
0
0
0
0
0
0
0
0
0
0
0
0
0
0
0
0
0
0
0
0
0
0
0
0
0
0
0
0
0
0
0
0
0
0
0
0
0
0
0
0
0
0
0
0
0
0
0
0
0
0
0
0
0
0
0
0
0
0
0
0
0
0
0
0
0
0
0
0
0
0
0
0
0
0
0
0
0
0
0
0
0
0
0
0
0
0
0
0
0
0
0
0
0
0
0
0
0
0
0
0
0
0
0
0
0
0
0
0
0
0
0
0
0
0
0
0
0
0
0
0
0
0
0
0
0
0
0
0
0
0
0
0
0
0
0
0
0
0
0
0
0
0
0
0
0
0
0
0
0
0
0
0
0
0
0
0
0
0
0
0
0
0
0
0
0
0
0
0
0
0
0
0
0
0
0
0
0
0
0
0
0
0
0
0
0
0
0
0
0
0
0
0
0
0
0
0
0
0
0
0
0
0
0
0
0
0
0
0
0
0
0
0
0
0
0
0
0
0
0
0
0
0
0
0
0
0
0
0
0
0
0
0
0
0
0
0
0
0
0
0
0
0
0
0
0
0
0
0
0
0
0
0
0
0
0
0
0
0
0
0
0
0
0
0
0
0
0
0
0
0
0
0
0
0
0
0
0
0
0
0
0
0
0
0
0
0
0
0
0
0
0
0
0
3
3
3
3
3
3
3
3
3
3
3
3
3
3
3
3
3
3
3
3
3
3
3
3
3
3
3
3
3
3
3
3
3
3
3
3
2
2
2
2
2
2
2
2
2
2
2
2
2
2
2
2
2
2
2
2
2
2
2
2
2
2
2
2
2
2
2
2
2
2
2
2
1
1
1
1
1
1
1
1
1
1
1
1
1
1
1
1
1
1
1
1
1
1
1
1
1
1
1
1
1
1
1
1
1
1
1
1
